Pycode/rasters/asc_loose_final/q125.asc
ncols 503
nrows 503
xllcenter 77450.73
yllcenter 235700.68
cellsize 6
nodata_value -9999
[rows 110 to 131 of 503, columns 0 to 49 of 503]
2.1507732e-09 3.0378199e-09 3.1666215e-09 3.1690860e-09 3.1716063e-09 3.1741856e-09 3.1768268e-09 3.1795332e-09 3.1823080e-09 3.1851546e-09 3.1880763e-09 3.1910768e-09 3.1941595e-09 3.1973281e-09 3.2005865e-09 3.2039385e-09 3.2073879e-09 3.2109390e-09 3.2145957e-09 3.2183624e-09 3.2222434e-09 3.2262432e-09 3.2303662e-09 3.2346171e-09 3.2390007e-09 3.2435219e-09 3.2481856e-09 3.2529969e-09 3.2579611e-09 3.2630834e-09 3.2683694e-09 3.2738245e-09 3.2794546e-09 3.2852653e-09 3.2912628e-09 3.2974530e-09 3.3038422e-09 3.3104368e-09 3.3172433e-09 3.3242683e-09 3.3315186e-09 3.3390013e-09 3.3467233e-09 3.3546921e-09 3.3629148e-09 3.3713993e-09 3.3801532e-09 3.3891844e-09 3.3985010e-09 3.4081114e-09
2.2054322e-09 3.1150266e-09 3.2471061e-09 3.2496330e-09 3.2522112e-09 3.2548438e-09 3.2575338e-09 3.2602844e-09 3.2630987e-09 3.2659802e-09 3.2689321e-09 3.2719580e-09 3.2750614e-09 3.2782461e-09 3.2815156e-09 3.2848739e-09 3.2883250e-09 3.2918727e-09 3.2955213e-09 3.2992750e-09 3.3031381e-09 3.3071151e-09 3.3112104e-09 3.3154288e-09 3.3197749e-09 3.3242537e-09 3.3288701e-09 3.3336292e-09 3.3385363e-09 3.3435967e-09 3.3488158e-09 3.3541993e-09 3.3597529e-09 3.3654823e-09 3.3713937e-09 3.3774930e-09 3.3837867e-09 3.3902810e-09 3.3969825e-09 3.4038980e-09 3.4110343e-09 3.4183983e-09 3.4259972e-09 3.4338384e-09 3.4419292e-09 3.4502775e-09 3.4588910e-09 3.4677776e-09 3.4769456e-09 3.4864033e-09
2.2617338e-09 3.1945624e-09 3.3300325e-09 3.3326387e-09 3.3352916e-09 3.3379943e-09 3.3407497e-09 3.3435609e-09 3.3464312e-09 3.3493638e-09 3.3523621e-09 3.3554295e-09 3.3585696e-09 3.3617859e-09 3.3650822e-09 3.3684623e-09 3.3719302e-09 3.3754897e-09 3.3791451e-09 3.3829006e-09 3.3867603e-09 3.3907289e-09 3.3948107e-09 3.3990104e-09 3.4033329e-09 3.4077828e-09 3.4123653e-09 3.4170853e-09 3.4219482e-09 3.4269593e-09 3.4321240e-09 3.4374479e-09 3.4429368e-09 3.4485966e-09 3.4544332e-09 3.4604528e-09 3.4666616e-09 3.4730661e-09 3.4796729e-09 3.4864887e-09 3.4935204e-09 3.5007751e-09 3.5082598e-09 3.5159821e-09 3.5239493e-09 3.5321694e-09 3.5406500e-09 3.5493993e-09 3.5584255e-09 3.5677371e-09
2.3197098e-09 3.2764729e-09 3.4154491e-09 3.4181526e-09 3.4208982e-09 3.4236888e-09 3.4265273e-09 3.4294169e-09 3.4323606e-09 3.4353618e-09 3.4384237e-09 3.4415498e-09 3.4447435e-09 3.4480084e-09 3.4513483e-09 3.4547669e-09 3.4582680e-09 3.4618557e-09 3.4655340e-09 3.4693071e-09 3.4731794e-09 3.4771551e-09 3.4812388e-09 3.4854352e-09 3.4897489e-09 3.4941848e-09 3.4987479e-09 3.5034433e-09 3.5082761e-09 3.5132517e-09 3.5183757e-09 3.5236535e-09 3.5290910e-09 3.5346939e-09 3.5404684e-09 3.5464205e-09 3.5525566e-09 3.5588831e-09 3.5654067e-09 3.5721340e-09 3.5790720e-09 3.5862278e-09 3.5936086e-09 3.6012219e-09 3.6090751e-09 3.6171761e-09 3.6255328e-09 3.6341533e-09 3.6430459e-09 3.6522192e-09
2.3793917e-09 3.3608028e-09 3.5034035e-09 3.5062235e-09 3.5090808e-09 3.5119783e-09 3.5149188e-09 3.5179055e-09 3.5209415e-09 3.5240298e-09 3.5271739e-09 3.5303770e-09 3.5336426e-09 3.5369743e-09 3.5403757e-09 3.5438505e-09 3.5474027e-09 3.5510361e-09 3.5547547e-09 3.5585628e-09 3.5624646e-09 3.5664644e-09 3.5705667e-09 3.5747762e-09 3.5790976e-09 3.5835356e-09 3.5880952e-09 3.5927816e-09 3.5975998e-09 3.6025553e-09 3.6076535e-09 3.6128999e-09 3.6183004e-09 3.6238608e-09 3.6295871e-09 3.6354855e-09 3.6415623e-09 3.6478240e-09 3.6542771e-09 3.6609285e-09 3.6677851e-09 3.6748540e-09 3.6821425e-09 3.6896580e-09 3.6974081e-09 3.7054007e-09 3.7136437e-09 3.7221453e-09 3.7309138e-09 3.7399579e-09
2.4408100e-09 3.4475961e-09 3.5939426e-09 3.5968994e-09 3.5998886e-09 3.6029131e-09 3.6059758e-09 3.6090797e-09 3.6122277e-09 3.6154231e-09 3.6186690e-09 3.6219688e-09 3.6253258e-09 3.6287436e-09 3.6322258e-09 3.6357761e-09 3.6393982e-09 3.6430962e-09 3.6468739e-09 3.6507354e-09 3.6546852e-09 3.6587273e-09 3.6628664e-09 3.6671069e-09 3.6714535e-09 3.6759111e-09 3.6804846e-09 3.6851790e-09 3.6899995e-09 3.6949515e-09 3.7000403e-09 3.7052715e-09 3.7106510e-09 3.7161845e-09 3.7218781e-09 3.7277379e-09 3.7337703e-09 3.7399816e-09 3.7463786e-09 3.7529681e-09 3.7597569e-09 3.7667523e-09 3.7739615e-09 3.7813920e-09 3.7890514e-09 3.7969476e-09 3.8050886e-09 3.8134826e-09 3.8221380e-09 3.8310634e-09
2.5039947e-09 3.5368959e-09 3.6871124e-09 3.6902274e-09 3.6933700e-09 3.6965429e-09 3.6997491e-09 3.7029913e-09 3.7062726e-09 3.7095960e-09 3.7129647e-09 3.7163821e-09 3.7198513e-09 3.7233760e-09 3.7269596e-09 3.7306057e-09 3.7343182e-09 3.7381009e-09 3.7419577e-09 3.7458928e-09 3.7499102e-09 3.7540143e-09 3.7582095e-09 3.7625003e-09 3.7668914e-09 3.7713875e-09 3.7759935e-09 3.7807145e-09 3.7855556e-09 3.7905222e-09 3.7956195e-09 3.8008532e-09 3.8062290e-09 3.8117528e-09 3.8174305e-09 3.8232684e-09 3.8292727e-09 3.8354499e-09 3.8418066e-09 3.8483496e-09 3.8550859e-09 3.8620226e-09 3.8691671e-09 3.8765268e-09 3.8841094e-09 3.8919227e-09 3.8999749e-09 3.9082742e-09 3.9168289e-09 3.9256479e-09
2.5689753e-09 3.6287443e-09 3.7829577e-09 3.7862536e-09 3.7895722e-09 3.7929162e-09 3.7962883e-09 3.7996914e-09 3.8031283e-09 3.8066022e-09 3.8101161e-09 3.8136732e-09 3.8172768e-09 3.8209303e-09 3.8246372e-09 3.8284011e-09 3.8322257e-09 3.8361148e-09 3.8400722e-09 3.8441020e-09 3.8482084e-09 3.8523955e-09 3.8566677e-09 3.8610296e-09 3.8654857e-09 3.8700407e-09 3.8746995e-09 3.8794671e-09 3.8843486e-09 3.8893493e-09 3.8944746e-09 3.8997299e-09 3.9051211e-09 3.9106539e-09 3.9163342e-09 3.9221683e-09 3.9281625e-09 3.9343231e-09 3.9406569e-09 3.9471706e-09 3.9538711e-09 3.9607657e-09 3.9678616e-09 3.9751664e-09 3.9826877e-09 3.9904334e-09 3.9984116e-09 4.0066306e-09 4.0150989e-09 4.0238250e-09
2.6357800e-09 3.7231821e-09 3.8815223e-09 3.8850231e-09 3.8885415e-09 3.8920804e-09 3.8956423e-09 3.8992300e-09 3.9028464e-09 3.9064944e-09 3.9101770e-09 3.9138975e-09 3.9176589e-09 3.9214648e-09 3.9253183e-09 3.9292232e-09 3.9331830e-09 3.9372014e-09 3.9412824e-09 3.9454298e-09 3.9496478e-09 3.9539405e-09 3.9583122e-09 3.9627673e-09 3.9673105e-09 3.9719464e-09 3.9766798e-09 3.9815156e-09 3.9864589e-09 3.9915150e-09 3.9966892e-09 4.0019870e-09 4.0074140e-09 4.0129761e-09 4.0186792e-09 4.0245294e-09 4.0305330e-09 4.0366964e-09 4.0430263e-09 4.0495294e-09 4.0562127e-09 4.0630833e-09 4.0701486e-09 4.0774160e-09 4.0848932e-09 4.0925881e-09 4.1005089e-09 4.1086638e-09 4.1170613e-09 4.1257102e-09
2.7044365e-09 3.8202490e-09 3.9828485e-09 3.9865793e-09 3.9903228e-09 3.9940817e-09 3.9978585e-09 4.0016560e-09 4.0054769e-09 4.0093241e-09 4.0132005e-09 4.0171093e-09 4.0210535e-09 4.0250364e-09 4.0290614e-09 4.0331320e-09 4.0372516e-09 4.0414240e-09 4.0456529e-09 4.0499422e-09 4.0542960e-09 4.0587183e-09 4.0632135e-09 4.0677858e-09 4.0724397e-09 4.0771800e-09 4.0820113e-09 4.0869385e-09 4.0919667e-09 4.0971011e-09 4.1023468e-09 4.1077095e-09 4.1131946e-09 4.1188080e-09 4.1245557e-09 4.1304435e-09 4.1364779e-09 4.1426652e-09 4.1490120e-09 4.1555251e-09 4.1622113e-09 4.1690779e-09 4.1761321e-09 4.1833815e-09 4.1908336e-09 4.1984964e-09 4.2063781e-09 4.2144869e-09 4.2228313e-09 4.2314200e-09
2.7749713e-09 3.9199830e-09 4.0869773e-09 4.0909645e-09 4.0949596e-09 4.0989650e-09 4.1029833e-09 4.1070170e-09 4.1110688e-09 4.1151416e-09 4.1192382e-09 4.1233617e-09 4.1275150e-09 4.1317013e-09 4.1359240e-09 4.1401864e-09 4.1444920e-09 4.1488443e-09 4.1532472e-09 4.1577043e-09 4.1622197e-09 4.1667974e-09 4.1714415e-09 4.1761564e-09 4.1809465e-09 4.1858163e-09 4.1907706e-09 4.1958141e-09 4.2009519e-09 4.2061890e-09 4.2115307e-09 4.2169824e-09 4.2225497e-09 4.2282382e-09 4.2340539e-09 4.2400028e-09 4.2460911e-09 4.2523251e-09 4.2587114e-09 4.2652568e-09 4.2719681e-09 4.2788524e-09 4.2859171e-09 4.2931695e-09 4.3006175e-09 4.3082688e-09 4.3161316e-09 4.3242141e-09 4.3325249e-09 4.3410727e-09
2.8474097e-09 4.0224209e-09 4.1939481e-09 4.1982195e-09 4.2024939e-09 4.2067737e-09 4.2110612e-09 4.2153590e-09 4.2196696e-09 4.2239959e-09 4.2283406e-09 4.2327065e-09 4.2370968e-09 4.2415143e-09 4.2459624e-09 4.2504444e-09 4.2549636e-09 4.2595235e-09 4.2641278e-09 4.2687802e-09 4.2734846e-09 4.2782449e-09 4.2830652e-09 4.2879498e-09 4.2929030e-09 4.2979293e-09 4.3030333e-09 4.3082198e-09 4.3134936e-09 4.3188598e-09 4.3243236e-09 4.3298904e-09 4.3355656e-09 4.3413549e-09 4.3472641e-09 4.3532992e-09 4.3594663e-09 4.3657718e-09 4.3722222e-09 4.3788241e-09 4.3855844e-09 4.3925102e-09 4.3996088e-09 4.4068875e-09 4.4143541e-09 4.4220164e-09 4.4298824e-09 4.4379606e-09 4.4462593e-09 4.4547873e-09
2.9217760e-09 4.1275976e-09 4.3037983e-09 4.3083832e-09 4.3129661e-09 4.3175494e-09 4.3221354e-09 4.3267265e-09 4.3313253e-09 4.3359343e-09 4.3405564e-09 4.3451942e-09 4.3498506e-09 4.3545287e-09 4.3592315e-09 4.3639623e-09 4.3687244e-09 4.3735211e-09 4.3783561e-09 4.3832329e-09 4.3881553e-09 4.3931272e-09 4.3981527e-09 4.4032358e-09 4.4083809e-09 4.4135923e-09 4.4188745e-09 4.4242323e-09 4.4296705e-09 4.4351940e-09 4.4408079e-09 4.4465176e-09 4.4523284e-09 4.4582459e-09 4.4642759e-09 4.4704243e-09 4.4766972e-09 4.4831009e-09 4.4896418e-09 4.4963265e-09 4.5031619e-09 4.5101549e-09 4.5173128e-09 4.5246430e-09 4.5321531e-09 4.5398510e-09 4.5477446e-09 4.5558423e-09 4.5641525e-09 4.5726840e-09
2.9980933e-09 4.2355462e-09 4.4165640e-09 4.4214926e-09 4.4264145e-09 4.4313319e-09 4.4362471e-09 4.4411623e-09 4.4460799e-09 4.4510025e-09 4.4559327e-09 4.4608732e-09 4.4658268e-09 4.4707963e-09 4.4757847e-09 4.4807952e-09 4.4858310e-09 4.4908954e-09 4.4959918e-09 4.5011238e-09 4.5062951e-09 4.5115094e-09 4.5167706e-09 4.5220829e-09 4.5274503e-09 4.5328772e-09 4.5383681e-09 4.5439275e-09 4.5495602e-09 4.5552709e-09 4.5610649e-09 4.5669472e-09 4.5729233e-09 4.5789985e-09 4.5851787e-09 4.5914695e-09 4.5978772e-09 4.6044077e-09 4.6110677e-09 4.6178635e-09 4.6248019e-09 4.6318900e-09 4.6391349e-09 4.6465438e-09 4.6541245e-09 4.6618846e-09 4.6698323e-09 4.6779757e-09 4.6863232e-09 4.6948836e-09
3.0763829e-09 4.3462980e-09 4.5322786e-09 4.5375829e-09 4.5428758e-09 4.5481594e-09 4.5534357e-09 4.5587071e-09 4.5639758e-09 4.5692443e-09 4.5745150e-09 4.5797906e-09 4.5850736e-09 4.5903670e-09 4.5956736e-09 4.6009963e-09 4.6063384e-09 4.6117030e-09 4.6170934e-09 4.6225131e-09 4.6279657e-09 4.6334548e-09 4.6389843e-09 4.6445581e-09 4.6501803e-09 4.6558551e-09 4.6615868e-09 4.6673800e-09 4.6732392e-09 4.6791692e-09 4.6851751e-09 4.6912619e-09 4.6974348e-09 4.7036992e-09 4.7100608e-09 4.7165254e-09 4.7230987e-09 4.7297871e-09 4.7365967e-09 4.7435340e-09 4.7506058e-09 4.7578190e-09 4.7651805e-09 4.7726978e-09 4.7803783e-09 4.7882298e-09 4.7962601e-09 4.8044776e-09 4.8128905e-09 4.8215076e-09
3.1566649e-09 4.4598822e-09 4.6509739e-09 4.6566871e-09 4.6623842e-09 4.6680674e-09 4.6737385e-09 4.6793997e-09 4.6850532e-09 4.6907014e-09 4.6963465e-09 4.7019911e-09 4.7076377e-09 4.7132890e-09 4.7189478e-09 4.7246170e-09 4.7302995e-09 4.7359986e-09 4.7417173e-09 4.7474590e-09 4.7532272e-09 4.7590255e-09 4.7648575e-09 4.7707272e-09 4.7766383e-09 4.7825952e-09 4.7886019e-09 4.7946629e-09 4.8007828e-09 4.8069661e-09 4.8132178e-09 4.8195428e-09 4.8259462e-09 4.8324335e-09 4.8390100e-09 4.8456815e-09 4.8524538e-09 4.8593329e-09 4.8663251e-09 4.8734367e-09 4.8806743e-09 4.8880448e-09 4.8955551e-09 4.9032125e-09 4.9110245e-09 4.9189985e-09 4.9271427e-09 4.9354650e-09 4.9439739e-09 4.9526779e-09
3.2389579e-09 4.5763254e-09 4.7726792e-09 4.7788358e-09 4.7849720e-09 4.7910895e-09 4.7971904e-09 4.8032766e-09 4.8093502e-09 4.8154133e-09 4.8214683e-09 4.8275174e-09 4.8335632e-09 4.8396082e-09 4.8456551e-09 4.8517066e-09 4.8577656e-09 4.8638350e-09 4.8699181e-09 4.8760179e-09 4.8821379e-09 4.8882815e-09 4.8944522e-09 4.9006538e-09 4.9068902e-09 4.9131652e-09 4.9194831e-09 4.9258481e-09 4.9322647e-09 4.9387373e-09 4.9452707e-09 4.9518698e-09 4.9585397e-09 4.9652855e-09 4.9721126e-09 4.9790266e-09 4.9860333e-09 4.9931385e-09 5.0003483e-09 5.0076691e-09 5.0151074e-09 5.0226698e-09 5.0303633e-09 5.0381951e-09 5.0461724e-09 5.0543029e-09 5.0625944e-09 5.0710549e-09 5.0796926e-09 5.0885162e-09
3.3232786e-09 4.6956524e-09 4.8974211e-09 4.9040572e-09 4.9106685e-09 4.9172569e-09 4.9238240e-09 4.9303718e-09 4.9369022e-09 4.9434173e-09 4.9499191e-09 4.9564100e-09 4.9628923e-09 4.9693684e-09 4.9758408e-09 4.9823122e-09 4.9887853e-09 4.9952630e-09 5.0017482e-09 5.0082441e-09 5.0147538e-09 5.0212807e-09 5.0278282e-09 5.0343999e-09 5.0409996e-09 5.0476310e-09 5.0542982e-09 5.0610054e-09 5.0677568e-09 5.0745569e-09 5.0814102e-09 5.0883215e-09 5.0952958e-09 5.1023381e-09 5.1094537e-09 5.1166480e-09 5.1239267e-09 5.1312956e-09 5.1387606e-09 5.1463279e-09 5.1540040e-09 5.1617955e-09 5.1697091e-09 5.1777519e-09 5.1859312e-09 5.1942544e-09 5.2027293e-09 5.2113637e-09 5.2201659e-09 5.2291444e-09
3.4096421e-09 4.8178850e-09 5.0252239e-09 5.0323769e-09 5.0395011e-09 5.0465980e-09 5.0536694e-09 5.0607169e-09 5.0677424e-09 5.0747479e-09 5.0817353e-09 5.0887067e-09 5.0956644e-09 5.1026107e-09 5.1095478e-09 5.1164785e-09 5.1234052e-09 5.1303306e-09 5.1372577e-09 5.1441894e-09 5.1511287e-09 5.1580789e-09 5.1650432e-09 5.1720251e-09 5.1790282e-09 5.1860563e-09 5.1931131e-09 5.2002027e-09 5.2073292e-09 5.2144970e-09 5.2217105e-09 5.2289744e-09 5.2362933e-09 5.2436724e-09 5.2511166e-09 5.2586314e-09 5.2662222e-09 5.2738947e-09 5.2816548e-09 5.2895085e-09 5.2974622e-09 5.3055222e-09 5.3136953e-09 5.3219885e-09 5.3304088e-09 5.3389636e-09 5.3476605e-09 5.3565075e-09 5.3655125e-09 5.3746839e-09
3.4980613e-09 4.9430426e-09 5.1561089e-09 5.1638177e-09 5.1714937e-09 5.1791385e-09 5.1867536e-09 5.1943405e-09 5.2019011e-09 5.2094371e-09 5.2169503e-09 5.2244427e-09 5.2319164e-09 5.2393736e-09 5.2468165e-09 5.2542475e-09 5.2616690e-09 5.2690837e-09 5.2764942e-09 5.2839033e-09 5.2913141e-09 5.2987294e-09 5.3061525e-09 5.3135868e-09 5.3210355e-09 5.3285024e-09 5.3359912e-09 5.3435056e-09 5.3510498e-09 5.3586278e-09 5.3662440e-09 5.3739029e-09 5.3816091e-09 5.3893675e-09 5.3971829e-09 5.4050607e-09 5.4130061e-09 5.4210248e-09 5.4291223e-09 5.4373047e-09 5.4455781e-09 5.4539489e-09 5.4624236e-09 5.4710089e-09 5.4797120e-09 5.4885401e-09 5.4975006e-09 5.5066013e-09 5.5158501e-09 5.5252553e-09
3.5885475e-09 5.0711416e-09 5.2900946e-09 5.2983994e-09 5.3066678e-09 5.3149012e-09 5.3231010e-09 5.3312686e-09 5.3394057e-09 5.3475138e-09 5.3555947e-09 5.3636502e-09 5.3716823e-09 5.3796929e-09 5.3876842e-09 5.3956584e-09 5.4036179e-09 5.4115650e-09 5.4195023e-09 5.4274325e-09 5.4353584e-09 5.4432828e-09 5.4512088e-09 5.4591394e-09 5.4670782e-09 5.4750283e-09 5.4829935e-09 5.4909773e-09 5.4989838e-09 5.5070168e-09 5.5150805e-09 5.5231794e-09 5.5313178e-09 5.5395004e-09 5.5477320e-09 5.5560178e-09 5.5643628e-09 5.5727725e-09 5.5812525e-09 5.5898085e-09 5.5984466e-09 5.6071729e-09 5.6159938e-09 5.6249161e-09 5.6339465e-09 5.6430922e-09 5.6523605e-09 5.6617591e-09 5.6712957e-09 5.6809785e-09
3.6811096e-09 5.2021955e-09 5.4271963e-09 5.4361388e-09 5.4450416e-09 5.4539058e-09 5.4627328e-09 5.4715238e-09 5.4802804e-09 5.4890039e-09 5.4976960e-09 5.5063584e-09 5.5149928e-09 5.5236011e-09 5.5321854e-09 5.5407475e-09 5.5492898e-09 5.5578145e-09 5.5663240e-09 5.5748207e-09 5.5833074e-09 5.5917867e-09 5.6002616e-09 5.6087350e-09 5.6172100e-09 5.6256900e-09 5.6341782e-09 5.6426783e-09 5.6511939e-09 5.6597290e-09 5.6682874e-09 5.6768734e-09 5.6854913e-09 5.6941456e-09 5.7028409e-09 5.7115821e-09 5.7203743e-09 5.7292227e-09 5.7381326e-09 5.7471098e-09 5.7561601e-09 5.7652894e-09 5.7745042e-09 5.7838107e-09 5.7932159e-09 5.8027265e-09 5.8123499e-09 5.8220934e-09 5.8319648e-09 5.8419720e-09
