Pycode/rasters/asc_loose_final/q125.asc
ncols 503
nrows 503
xllcenter 77450.73
yllcenter 235700.68
cellsize 6
nodata_value -9999
[rows 0 to 21 of 503, columns 50 to 99 of 503]
8.0685839e-10 8.1455152e-10 8.2235334e-10 8.3026544e-10 8.3828940e-10 8.4642678e-10 8.5467918e-10 8.6304816e-10 8.7153528e-10 8.8014211e-10 8.8887018e-10 8.9772103e-10 9.0669618e-10 9.1579712e-10 9.2502535e-10 9.3438230e-10 9.4386943e-10 9.5348814e-10 9.6323980e-10 9.7312577e-10 9.8314736e-10 9.9330585e-10 1.0036025e-09 1.0140384e-09 1.0246148e-09 1.0353328e-09 1.0461935e-09 1.0571977e-09 1.0683466e-09 1.0796409e-09 1.0910814e-09 1.1026690e-09 1.1144043e-09 1.1262880e-09 1.1383205e-09 1.1505024e-09 1.1628339e-09 1.1753156e-09 1.1879474e-09 1.2007297e-09 1.2136624e-09 1.2267454e-09 1.2399787e-09 1.2533619e-09 1.2668948e-09 1.2805768e-09 1.2944075e-09 1.3083861e-09 1.3225119e-09 1.3367840e-09
1.1424779e-09 1.1533724e-09 1.1644211e-09 1.1756261e-09 1.1869898e-09 1.1985143e-09 1.2102020e-09 1.2220551e-09 1.2340758e-09 1.2462664e-09 1.2586290e-09 1.2711658e-09 1.2838791e-09 1.2967709e-09 1.3098434e-09 1.3230987e-09 1.3365389e-09 1.3501659e-09 1.3639818e-09 1.3779884e-09 1.3921877e-09 1.4065816e-09 1.4211717e-09 1.4359599e-09 1.4509478e-09 1.4661370e-09 1.4815289e-09 1.4971252e-09 1.5129271e-09 1.5289359e-09 1.5451529e-09 1.5615791e-09 1.5782156e-09 1.5950632e-09 1.6121229e-09 1.6293952e-09 1.6468808e-09 1.6645802e-09 1.6824936e-09 1.7006215e-09 1.7189637e-09 1.7375204e-09 1.7562913e-09 1.7752762e-09 1.7944746e-09 1.8138859e-09 1.8335093e-09 1.8533440e-09 1.8733890e-09 1.8936429e-09
1.1953800e-09 1.2067810e-09 1.2183436e-09 1.2300702e-09 1.2419632e-09 1.2540250e-09 1.2662579e-09 1.2786643e-09 1.2912466e-09 1.3040072e-09 1.3169484e-09 1.3300725e-09 1.3433818e-09 1.3568786e-09 1.3705653e-09 1.3844440e-09 1.3985168e-09 1.4127861e-09 1.4272539e-09 1.4419222e-09 1.4567932e-09 1.4718687e-09 1.4871507e-09 1.5026412e-09 1.5183417e-09 1.5342542e-09 1.5503802e-09 1.5667214e-09 1.5832791e-09 1.6000549e-09 1.6170501e-09 1.6342658e-09 1.6517033e-09 1.6693634e-09 1.6872473e-09 1.7053556e-09 1.7236890e-09 1.7422482e-09 1.7610335e-09 1.7800452e-09 1.7992837e-09 1.8187488e-09 1.8384405e-09 1.8583585e-09 1.8785025e-09 1.8988718e-09 1.9194659e-09 1.9402838e-09 1.9613244e-09 1.9825867e-09
1.2012056e-09 1.2126643e-09 1.2242856e-09 1.2360722e-09 1.2480264e-09 1.2601506e-09 1.2724473e-09 1.2849189e-09 1.2975678e-09 1.3103964e-09 1.3234071e-09 1.3366023e-09 1.3499843e-09 1.3635555e-09 1.3773182e-09 1.3912748e-09 1.4054273e-09 1.4197782e-09 1.4343295e-09 1.4490834e-09 1.4640419e-09 1.4792072e-09 1.4945813e-09 1.5101660e-09 1.5259632e-09 1.5419747e-09 1.5582022e-09 1.5746475e-09 1.5913120e-09 1.6081973e-09 1.6253047e-09 1.6426356e-09 1.6601911e-09 1.6779724e-09 1.6959805e-09 1.7142162e-09 1.7326803e-09 1.7513735e-09 1.7702962e-09 1.7894490e-09 1.8088319e-09 1.8284452e-09 1.8482889e-09 1.8683627e-09 1.8886664e-09 1.9091994e-09 1.9299612e-09 1.9509510e-09 1.9721677e-09 1.9936103e-09
1.2070841e-09 1.2186006e-09 1.2302811e-09 1.2421279e-09 1.2541436e-09 1.2663307e-09 1.2786915e-09 1.2912286e-09 1.3039444e-09 1.3168413e-09 1.3299219e-09 1.3431886e-09 1.3566437e-09 1.3702897e-09 1.3841288e-09 1.3981636e-09 1.4123963e-09 1.4268291e-09 1.4414643e-09 1.4563042e-09 1.4713508e-09 1.4866063e-09 1.5020728e-09 1.5177522e-09 1.5336465e-09 1.5497575e-09 1.5660871e-09 1.5826369e-09 1.5994087e-09 1.6164040e-09 1.6336242e-09 1.6510708e-09 1.6687450e-09 1.6866480e-09 1.7047809e-09 1.7231446e-09 1.7417401e-09 1.7605680e-09 1.7796289e-09 1.7989233e-09 1.8184516e-09 1.8382139e-09 1.8582104e-09 1.8784409e-09 1.8989051e-09 1.9196028e-09 1.9405333e-09 1.9616959e-09 1.9830897e-09 2.0047138e-09
1.2130163e-09 1.2245910e-09 1.2363309e-09 1.2482383e-09 1.2603158e-09 1.2725660e-09 1.2849913e-09 1.2975942e-09 1.3103773e-09 1.3233430e-09 1.3364939e-09 1.3498324e-09 1.3633609e-09 1.3770820e-09 1.3909980e-09 1.4051114e-09 1.4194246e-09 1.4339398e-09 1.4486594e-09 1.4635856e-09 1.4787207e-09 1.4940669e-09 1.5096262e-09 1.5254008e-09 1.5413926e-09 1.5576037e-09 1.5740357e-09 1.5906907e-09 1.6075703e-09 1.6246760e-09 1.6420096e-09 1.6595724e-09 1.6773659e-09 1.6953912e-09 1.7136496e-09 1.7321420e-09 1.7508694e-09 1.7698327e-09 1.7890325e-09 1.8084694e-09 1.8281437e-09 1.8480558e-09 1.8682059e-09 1.8885939e-09 1.9092196e-09 1.9300828e-09 1.9511830e-09 1.9725195e-09 1.9940916e-09 2.0158982e-09
1.2190033e-09 1.2306365e-09 1.2424360e-09 1.2544044e-09 1.2665441e-09 1.2788577e-09 1.2913478e-09 1.3040169e-09 1.3168676e-09 1.3299024e-09 1.3431239e-09 1.3565345e-09 1.3701369e-09 1.3839335e-09 1.3979268e-09 1.4121192e-09 1.4265132e-09 1.4411112e-09 1.4559156e-09 1.4709286e-09 1.4861527e-09 1.5015899e-09 1.5172426e-09 1.5331128e-09 1.5492026e-09 1.5655141e-09 1.5820492e-09 1.5988098e-09 1.6157977e-09 1.6330145e-09 1.6504620e-09 1.6681416e-09 1.6860549e-09 1.7042031e-09 1.7225875e-09 1.7412093e-09 1.7600694e-09 1.7791687e-09 1.7985081e-09 1.8180881e-09 1.8379093e-09 1.8579720e-09 1.8782766e-09 1.8988229e-09 1.9196110e-09 1.9406407e-09 1.9619116e-09 1.9834230e-09 2.0051743e-09 2.0271646e-09
1.2250460e-09 1.2367380e-09 1.2485975e-09 1.2606271e-09 1.2728293e-09 1.2852067e-09 1.2977620e-09 1.3104976e-09 1.3234162e-09 1.3365205e-09 1.3498129e-09 1.3632962e-09 1.3769727e-09 1.3908452e-09 1.4049161e-09 1.4191879e-09 1.4336632e-09 1.4483444e-09 1.4632340e-09 1.4783343e-09 1.4936476e-09 1.5091764e-09 1.5249229e-09 1.5408892e-09 1.5570775e-09 1.5734900e-09 1.5901286e-09 1.6069953e-09 1.6240919e-09 1.6414204e-09 1.6589823e-09 1.6767793e-09 1.6948130e-09 1.7130847e-09 1.7315958e-09 1.7503475e-09 1.7693409e-09 1.7885771e-09 1.8080567e-09 1.8277807e-09 1.8477495e-09 1.8679636e-09 1.8884234e-09 1.9091290e-09 1.9300804e-09 1.9512775e-09 1.9727200e-09 1.9944074e-09 2.0163390e-09 2.0385141e-09
1.2311457e-09 1.2428968e-09 1.2548166e-09 1.2669076e-09 1.2791726e-09 1.2916141e-09 1.3042348e-09 1.3170373e-09 1.3300243e-09 1.3431983e-09 1.3565621e-09 1.3701183e-09 1.3838694e-09 1.3978181e-09 1.4119670e-09 1.4263187e-09 1.4408757e-09 1.4556405e-09 1.4706156e-09 1.4858036e-09 1.5012067e-09 1.5168275e-09 1.5326682e-09 1.5487310e-09 1.5650183e-09 1.5815322e-09 1.5982748e-09 1.6152481e-09 1.6324541e-09 1.6498947e-09 1.6675716e-09 1.6854866e-09 1.7036412e-09 1.7220371e-09 1.7406755e-09 1.7595578e-09 1.7786852e-09 1.7980588e-09 1.8176795e-09 1.8375481e-09 1.8576653e-09 1.8780316e-09 1.8986475e-09 1.9195132e-09 1.9406289e-09 1.9619943e-09 1.9836094e-09 2.0054738e-09 2.0275868e-09 2.0499479e-09
1.2373033e-09 1.2491138e-09 1.2610942e-09 1.2732470e-09 1.2855751e-09 1.2980811e-09 1.3107675e-09 1.3236372e-09 1.3366928e-09 1.3499370e-09 1.3633725e-09 1.3770019e-09 1.3908280e-09 1.4048533e-09 1.4190806e-09 1.4335125e-09 1.4481516e-09 1.4630004e-09 1.4780616e-09 1.4933376e-09 1.5088310e-09 1.5245441e-09 1.5404795e-09 1.5566394e-09 1.5730261e-09 1.5896420e-09 1.6064891e-09 1.6235695e-09 1.6408854e-09 1.6584386e-09 1.6762311e-09 1.6942646e-09 1.7125408e-09 1.7310613e-09 1.7498277e-09 1.7688413e-09 1.7881034e-09 1.8076151e-09 1.8273775e-09 1.8473915e-09 1.8676579e-09 1.8881772e-09 1.9089501e-09 1.9299768e-09 1.9512575e-09 1.9727923e-09 1.9945811e-09 2.0166234e-09 2.0389190e-09 2.0614670e-09
1.2435202e-09 1.2553903e-09 1.2674315e-09 1.2796465e-09 1.2920380e-09 1.3046087e-09 1.3173612e-09 1.3302984e-09 1.3434230e-09 1.3567377e-09 1.3702452e-09 1.3839482e-09 1.3978496e-09 1.4119520e-09 1.4262580e-09 1.4407705e-09 1.4554921e-09 1.4704253e-09 1.4855729e-09 1.5009375e-09 1.5165215e-09 1.5323275e-09 1.5483580e-09 1.5646154e-09 1.5811021e-09 1.5978203e-09 1.6147724e-09 1.6319605e-09 1.6493868e-09 1.6670532e-09 1.6849618e-09 1.7031144e-09 1.7215128e-09 1.7401586e-09 1.7590536e-09 1.7781991e-09 1.7975965e-09 1.8172471e-09 1.8371519e-09 1.8573121e-09 1.8777284e-09 1.8984016e-09 1.9193323e-09 1.9405208e-09 1.9619676e-09 1.9836727e-09 2.0056360e-09 2.0278574e-09 2.0503365e-09 2.0730727e-09
1.2497975e-09 1.2617275e-09 1.2738298e-09 1.2861072e-09 1.2985624e-09 1.3111981e-09 1.3240171e-09 1.3370221e-09 1.3502160e-09 1.3636015e-09 1.3771814e-09 1.3909584e-09 1.4049354e-09 1.4191152e-09 1.4335004e-09 1.4480939e-09 1.4628983e-09 1.4779164e-09 1.4931509e-09 1.5086044e-09 1.5242795e-09 1.5401788e-09 1.5563049e-09 1.5726602e-09 1.5892473e-09 1.6060684e-09 1.6231260e-09 1.6404223e-09 1.6579595e-09 1.6757397e-09 1.6937649e-09 1.7120372e-09 1.7305583e-09 1.7493301e-09 1.7683543e-09 1.7876324e-09 1.8071658e-09 1.8269559e-09 1.8470040e-09 1.8673110e-09 1.8878781e-09 1.9087059e-09 1.9297952e-09 1.9511465e-09 1.9727602e-09 1.9946365e-09 2.0167755e-09 2.0391770e-09 2.0618407e-09 2.0847663e-09
1.2561365e-09 1.2681267e-09 1.2802904e-09 1.2926305e-09 1.3051496e-09 1.3178506e-09 1.3307363e-09 1.3438095e-09 1.3570730e-09 1.3705296e-09 1.3841822e-09 1.3980336e-09 1.4120867e-09 1.4263442e-09 1.4408089e-09 1.4554838e-09 1.4703715e-09 1.4854748e-09 1.5007966e-09 1.5163394e-09 1.5321060e-09 1.5480991e-09 1.5643213e-09 1.5807750e-09 1.5974630e-09 1.6143875e-09 1.6315511e-09 1.6489560e-09 1.6666047e-09 1.6844991e-09 1.7026416e-09 1.7210341e-09 1.7396787e-09 1.7585770e-09 1.7777310e-09 1.7971423e-09 1.8168124e-09 1.8367428e-09 1.8569348e-09 1.8773895e-09 1.8981081e-09 1.9190913e-09 1.9403402e-09 1.9618551e-09 1.9836367e-09 2.0056852e-09 2.0280007e-09 2.0505834e-09 2.0734328e-09 2.0965488e-09
1.2625386e-09 1.2745892e-09 1.2868146e-09 1.2992175e-09 1.3118009e-09 1.3245676e-09 1.3375203e-09 1.3506619e-09 1.3639953e-09 1.3775234e-09 1.3912491e-09 1.4051752e-09 1.4193046e-09 1.4336402e-09 1.4481849e-09 1.4629415e-09 1.4779128e-09 1.4931018e-09 1.5085112e-09 1.5241439e-09 1.5400025e-09 1.5560897e-09 1.5724084e-09 1.5889610e-09 1.6057503e-09 1.6227787e-09 1.6400488e-09 1.6575630e-09 1.6753236e-09 1.6933329e-09 1.7115932e-09 1.7301065e-09 1.7488750e-09 1.7679005e-09 1.7871850e-09 1.8067302e-09 1.8265377e-09 1.8466090e-09 1.8669456e-09 1.8875488e-09 1.9084196e-09 1.9295592e-09 1.9509684e-09 1.9726478e-09 1.9945982e-09 2.0168198e-09 2.0393130e-09 2.0620778e-09 2.0851141e-09 2.1084217e-09
1.2690052e-09 1.2811164e-09 1.2934037e-09 1.3058698e-09 1.3185177e-09 1.3313502e-09 1.3443702e-09 1.3575806e-09 1.3709843e-09 1.3845842e-09 1.3983832e-09 1.4123844e-09 1.4265905e-09 1.4410046e-09 1.4556295e-09 1.4704682e-09 1.4855237e-09 1.5007987e-09 1.5162962e-09 1.5320190e-09 1.5479700e-09 1.5641519e-09 1.5805675e-09 1.5972195e-09 1.6141106e-09 1.6312434e-09 1.6486205e-09 1.6662444e-09 1.6841175e-09 1.7022422e-09 1.7206208e-09 1.7392556e-09 1.7581486e-09 1.7773020e-09 1.7967176e-09 1.8163973e-09 1.8363428e-09 1.8565558e-09 1.8770378e-09 1.8977901e-09 1.9188141e-09 1.9401108e-09 1.9616811e-09 1.9835260e-09 2.0056461e-09 2.0280418e-09 2.0507136e-09 2.0736617e-09 2.0968859e-09 2.1203862e-09
1.2755378e-09 1.2877098e-09 1.3000592e-09 1.3125888e-09 1.3253014e-09 1.3382001e-09 1.3512877e-09 1.3645671e-09 1.3780413e-09 1.3917133e-09 1.4055860e-09 1.4196625e-09 1.4339457e-09 1.4484386e-09 1.4631442e-09 1.4780654e-09 1.4932053e-09 1.5085667e-09 1.5241527e-09 1.5399662e-09 1.5560099e-09 1.5722869e-09 1.5887999e-09 1.6055518e-09 1.6225452e-09 1.6397828e-09 1.6572674e-09 1.6750015e-09 1.6929877e-09 1.7112283e-09 1.7297259e-09 1.7484826e-09 1.7675008e-09 1.7867826e-09 1.8063299e-09 1.8261448e-09 1.8462291e-09 1.8665845e-09 1.8872126e-09 1.9081149e-09 1.9292927e-09 1.9507473e-09 1.9724798e-09 1.9944909e-09 2.0167816e-09 2.0393525e-09 2.0622039e-09 2.0853362e-09 2.1087495e-09 2.1324437e-09
1.2821379e-09 1.2943710e-09 1.3067827e-09 1.3193759e-09 1.3321535e-09 1.3451186e-09 1.3582740e-09 1.3716227e-09 1.3851678e-09 1.3989122e-09 1.4128589e-09 1.4270111e-09 1.4413716e-09 1.4559437e-09 1.4707303e-09 1.4857344e-09 1.5009591e-09 1.5164074e-09 1.5320822e-09 1.5479867e-09 1.5641237e-09 1.5804962e-09 1.5971070e-09 1.6139591e-09 1.6310553e-09 1.6483983e-09 1.6659909e-09 1.6838358e-09 1.7019355e-09 1.7202927e-09 1.7389097e-09 1.7577890e-09 1.7769330e-09 1.7963437e-09 1.8160235e-09 1.8359743e-09 1.8561980e-09 1.8766965e-09 1.8974714e-09 1.9185244e-09 1.9398569e-09 1.9614703e-09 1.9833656e-09 2.0055440e-09 2.0280063e-09 2.0507532e-09 2.0737852e-09 2.0971029e-09 2.1207063e-09 2.1445955e-09
1.2888072e-09 1.3011014e-09 1.3135756e-09 1.3262327e-09 1.3390756e-09 1.3521073e-09 1.3653308e-09 1.3787491e-09 1.3923652e-09 1.4061823e-09 1.4202034e-09 1.4344315e-09 1.4488698e-09 1.4635214e-09 1.4783893e-09 1.4934766e-09 1.5087865e-09 1.5243220e-09 1.5400861e-09 1.5560820e-09 1.5723127e-09 1.5887811e-09 1.6054903e-09 1.6224431e-09 1.6396425e-09 1.6570914e-09 1.6747925e-09 1.6927486e-09 1.7109624e-09 1.7294366e-09 1.7481737e-09 1.7671761e-09 1.7864464e-09 1.8059869e-09 1.8257996e-09 1.8458869e-09 1.8662508e-09 1.8868930e-09 1.9078156e-09 1.9290201e-09 1.9505081e-09 1.9722810e-09 1.9943401e-09 2.0166866e-09 2.0393213e-09 2.0622453e-09 2.0854590e-09 2.1089630e-09 2.1327577e-09 2.1568430e-09
1.2955472e-09 1.3079029e-09 1.3204398e-09 1.3331609e-09 1.3460693e-09 1.3591678e-09 1.3724596e-09 1.3859477e-09 1.3996352e-09 1.4135253e-09 1.4276209e-09 1.4419254e-09 1.4564417e-09 1.4711731e-09 1.4861227e-09 1.5012936e-09 1.5166890e-09 1.5323121e-09 1.5481659e-09 1.5642536e-09 1.5805784e-09 1.5971431e-09 1.6139510e-09 1.6310050e-09 1.6483082e-09 1.6658633e-09 1.6836734e-09 1.7017413e-09 1.7200698e-09 1.7386615e-09 1.7575192e-09 1.7766454e-09 1.7960427e-09 1.8157133e-09 1.8356598e-09 1.8558843e-09 1.8763889e-09 1.8971757e-09 1.9182466e-09 1.9396033e-09 1.9612476e-09 1.9831809e-09 2.0054047e-09 2.0279201e-09 2.0507283e-09 2.0738302e-09 2.0972266e-09 2.1209181e-09 2.1449051e-09 2.1691878e-09
1.3023600e-09 1.3147772e-09 1.3273769e-09 1.3401623e-09 1.3531362e-09 1.3663018e-09 1.3796622e-09 1.3932203e-09 1.4069795e-09 1.4209427e-09 1.4351133e-09 1.4494943e-09 1.4640889e-09 1.4789005e-09 1.4939320e-09 1.5091869e-09 1.5246682e-09 1.5403792e-09 1.5563231e-09 1.5725031e-09 1.5889222e-09 1.6055838e-09 1.6224909e-09 1.6396465e-09 1.6570538e-09 1.6747158e-09 1.6926353e-09 1.7108155e-09 1.7292591e-09 1.7479690e-09 1.7669478e-09 1.7861983e-09 1.8057231e-09 1.8255247e-09 1.8456055e-09 1.8659678e-09 1.8866139e-09 1.9075460e-09 1.9287659e-09 1.9502756e-09 1.9720770e-09 1.9941715e-09 2.0165608e-09 2.0392461e-09 2.0622287e-09 2.0855096e-09 2.1090897e-09 2.1329697e-09 2.1571501e-09 2.1816313e-09
1.3092472e-09 1.3217260e-09 1.3343888e-09 1.3472385e-09 1.3602783e-09 1.3735111e-09 1.3869402e-09 1.4005687e-09 1.4143997e-09 1.4284364e-09 1.4426821e-09 1.4571399e-09 1.4718132e-09 1.4867051e-09 1.5018190e-09 1.5171581e-09 1.5327257e-09 1.5485250e-09 1.5645593e-09 1.5808319e-09 1.5973459e-09 1.6141047e-09 1.6311113e-09 1.6483691e-09 1.6658810e-09 1.6836502e-09 1.7016798e-09 1.7199727e-09 1.7385320e-09 1.7573605e-09 1.7764611e-09 1.7958365e-09 1.8154894e-09 1.8354225e-09 1.8556382e-09 1.8761390e-09 1.8969273e-09 1.9180053e-09 1.9393750e-09 1.9610385e-09 1.9829977e-09 2.0052543e-09 2.0278100e-09 2.0506661e-09 2.0738240e-09 2.0972848e-09 2.1210496e-09 2.1451192e-09 2.1694941e-09 2.1941750e-09
1.3162108e-09 1.3287515e-09 1.3414774e-09 1.3543916e-09 1.3674973e-09 1.3807976e-09 1.3942956e-09 1.4079945e-09 1.4218976e-09 1.4360080e-09 1.4503291e-09 1.4648640e-09 1.4796162e-09 1.4945889e-09 1.5097854e-09 1.5252091e-09 1.5408632e-09 1.5567512e-09 1.5728763e-09 1.5892418e-09 1.6058511e-09 1.6227075e-09 1.6398141e-09 1.6571743e-09 1.6747913e-09 1.6926683e-09 1.7108083e-09 1.7292145e-09 1.7478900e-09 1.7668377e-09 1.7860605e-09 1.8055613e-09 1.8253430e-09 1.8454082e-09 1.8657595e-09 1.8863995e-09 1.9073307e-09 1.9285553e-09 1.9500756e-09 1.9718936e-09 1.9940115e-09 2.0164310e-09 2.0391538e-09 2.0621816e-09 2.0855157e-09 2.1091575e-09 2.1331080e-09 2.1573682e-09 2.1819389e-09 2.2068205e-09
