Pycode/rasters/asc_loose_final/q125.asc
ncols 503
nrows 503
xllcenter 77450.73
yllcenter 235700.68
cellsize 6
nodata_value -9999
[rows 418 to 439 of 503, columns 450 to 499 of 503]
1.0378743e-09 1.0371300e-09 1.0362768e-09 1.0353162e-09 1.0342503e-09 1.0330807e-09 1.0318094e-09 1.0304381e-09 1.0289687e-09 1.0274031e-09 1.0257431e-09 1.0239905e-09 1.0221473e-09 1.0202153e-09 1.0181962e-09 1.0160921e-09 1.0139046e-09 1.0116357e-09 1.0092872e-09 1.0068609e-09 1.0043586e-09 1.0017821e-09 9.9913325e-10 9.9641383e-10 9.9362561e-10 9.9077036e-10 9.8784982e-10 9.8486575e-10 9.8181986e-10 9.7871387e-10 9.7554948e-10 9.7232837e-10 9.6905221e-10 9.6572265e-10 9.6234132e-10 9.5890984e-10 9.5542980e-10 9.5190280e-10 9.4833039e-10 9.4471411e-10 9.4105550e-10 9.3735605e-10 9.3361725e-10 9.2984057e-10 9.2602745e-10 9.2217933e-10 9.1829760e-10 9.1438365e-10 9.1043885e-10 9.0646455e-10
1.0210230e-09 1.0204439e-09 1.0197560e-09 1.0189613e-09 1.0180614e-09 1.0170581e-09 1.0159531e-09 1.0147482e-09 1.0134453e-09 1.0120461e-09 1.0105523e-09 1.0089659e-09 1.0072885e-09 1.0055220e-09 1.0036682e-09 1.0017289e-09 9.9970581e-10 9.9760080e-10 9.9541563e-10 9.9315209e-10 9.9081195e-10 9.8839697e-10 9.8590892e-10 9.8334954e-10 9.8072057e-10 9.7802375e-10 9.7526080e-10 9.7243341e-10 9.6954330e-10 9.6659213e-10 9.6358159e-10 9.6051332e-10 9.5738896e-10 9.5421014e-10 9.5097848e-10 9.4769556e-10 9.4436296e-10 9.4098224e-10 9.3755494e-10 9.3408260e-10 9.3056672e-10 9.2700878e-10 9.2341027e-10 9.1977262e-10 9.1609728e-10 9.1238566e-10 9.0863916e-10 9.0485915e-10 9.0104698e-10 8.9720399e-10
1.0043414e-09 1.0039223e-09 1.0033951e-09 1.0027614e-09 1.0020229e-09 1.0011812e-09 1.0002381e-09 9.9919524e-10 9.9805439e-10 9.9681726e-10 9.9548558e-10 9.9406109e-10 9.9254554e-10 9.9094065e-10 9.8924819e-10 9.8746989e-10 9.8560749e-10 9.8366274e-10 9.8163738e-10 9.7953313e-10 9.7735174e-10 9.7509492e-10 9.7276440e-10 9.7036188e-10 9.6788906e-10 9.6534764e-10 9.6273930e-10 9.6006573e-10 9.5732857e-10 9.5452948e-10 9.5167010e-10 9.4875206e-10 9.4577696e-10 9.4274642e-10 9.3966201e-10 9.3652530e-10 9.3333785e-10 9.3010119e-10 9.2681686e-10 9.2348635e-10 9.2011116e-10 9.1669276e-10 9.1323261e-10 9.0973214e-10 9.0619277e-10 9.0261590e-10 8.9900292e-10 8.9535519e-10 8.9167406e-10 8.8796085e-10
9.8783036e-10 9.8756660e-10 9.8719522e-10 9.8671783e-10 9.8613602e-10 9.8545143e-10 9.8466568e-10 9.8378044e-10 9.8279734e-10 9.8171807e-10 9.8054429e-10 9.7927768e-10 9.7791993e-10 9.7647272e-10 9.7493775e-10 9.7331670e-10 9.7161128e-10 9.6982316e-10 9.6795405e-10 9.6600564e-10 9.6397960e-10 9.6187762e-10 9.5970137e-10 9.5745253e-10 9.5513275e-10 9.5274371e-10 9.5028703e-10 9.4776436e-10 9.4517734e-10 9.4252758e-10 9.3981668e-10 9.3704625e-10 9.3421787e-10 9.3133311e-10 9.2839353e-10 9.2540068e-10 9.2235608e-10 9.1926126e-10 9.1611772e-10 9.1292694e-10 9.0969039e-10 9.0640953e-10 9.0308580e-10 8.9972062e-10 8.9631540e-10 8.9287151e-10 8.8939034e-10 8.8587323e-10 8.8232152e-10 8.7873652e-10
9.7149094e-10 9.7137764e-10 9.7115736e-10 9.7083162e-10 9.7040196e-10 9.6986994e-10 9.6923714e-10 9.6850513e-10 9.6767551e-10 9.6674989e-10 9.6572987e-10 9.6461709e-10 9.6341316e-10 9.6211972e-10 9.6073841e-10 9.5927086e-10 9.5771872e-10 9.5608364e-10 9.5436725e-10 9.5257120e-10 9.5069712e-10 9.4874667e-10 9.4672146e-10 9.4462312e-10 9.4245330e-10 9.4021359e-10 9.3790561e-10 9.3553097e-10 9.3309126e-10 9.3058806e-10 9.2802296e-10 9.2539752e-10 9.2271329e-10 9.1997183e-10 9.1717465e-10 9.1432329e-10 9.1141925e-10 9.0846402e-10 9.0545908e-10 9.0240590e-10 8.9930593e-10 8.9616061e-10 8.9297135e-10 8.8973956e-10 8.8646664e-10 8.8315395e-10 8.7980284e-10 8.7641467e-10 8.7299075e-10 8.6953238e-10
9.5532398e-10 9.5535640e-10 9.5528253e-10 9.5510384e-10 9.5482180e-10 9.5443790e-10 9.5395365e-10 9.5337056e-10 9.5269017e-10 9.5191402e-10 9.5104367e-10 9.5008068e-10 9.4902663e-10 9.4788307e-10 9.4665162e-10 9.4533384e-10 9.4393133e-10 9.4244568e-10 9.4087850e-10 9.3923137e-10 9.3750588e-10 9.3570364e-10 9.3382624e-10 9.3187525e-10 9.2985228e-10 9.2775888e-10 9.2559665e-10 9.2336714e-10 9.2107192e-10 9.1871254e-10 9.1629054e-10 9.1380746e-10 9.1126483e-10 9.0866415e-10 9.0600695e-10 9.0329470e-10 9.0052890e-10 8.9771100e-10 8.9484248e-10 8.9192476e-10 8.8895929e-10 8.8594748e-10 8.8289073e-10 8.7979043e-10 8.7664795e-10 8.7346464e-10 8.7024186e-10 8.6698093e-10 8.6368314e-10 8.6034981e-10
9.3933027e-10 9.3950371e-10 9.3957165e-10 9.3953546e-10 9.3939655e-10 9.3915636e-10 9.3881631e-10 9.3837787e-10 9.3784251e-10 9.3721171e-10 9.3648696e-10 9.3566978e-10 9.3476167e-10 9.3376415e-10 9.3267877e-10 9.3150705e-10 9.3025053e-10 9.2891075e-10 9.2748927e-10 9.2598763e-10 9.2440738e-10 9.2275007e-10 9.2101724e-10 9.1921045e-10 9.1733124e-10 9.1538114e-10 9.1336169e-10 9.1127443e-10 9.0912088e-10 9.0690255e-10 9.0462097e-10 9.0227762e-10 8.9987402e-10 8.9741164e-10 8.9489195e-10 8.9231644e-10 8.8968655e-10 8.8700373e-10 8.8426941e-10 8.8148502e-10 8.7865196e-10 8.7577163e-10 8.7284540e-10 8.6987466e-10 8.6686076e-10 8.6380503e-10 8.6070880e-10 8.5757338e-10 8.5440007e-10 8.5119016e-10
9.2351051e-10 9.2382036e-10 9.2402554e-10 9.2412736e-10 9.2412716e-10 9.2402631e-10 9.2382617e-10 9.2352815e-10 9.2313366e-10 9.2264411e-10 9.2206094e-10 9.2138560e-10 9.2061955e-10 9.1976426e-10 9.1882120e-10 9.1779185e-10 9.1667770e-10 9.1548025e-10 9.1420099e-10 9.1284143e-10 9.1140306e-10 9.0988740e-10 9.0829595e-10 9.0663021e-10 9.0489168e-10 9.0308186e-10 9.0120226e-10 8.9925436e-10 8.9723966e-10 8.9515963e-10 8.9301577e-10 8.9080953e-10 8.8854238e-10 8.8621578e-10 8.8383118e-10 8.8139001e-10 8.7889371e-10 8.7634370e-10 8.7374137e-10 8.7108814e-10 8.6838539e-10 8.6563449e-10 8.6283681e-10 8.5999369e-10 8.5710648e-10 8.5417649e-10 8.5120503e-10 8.4819341e-10 8.4514289e-10 8.4205476e-10
9.0786533e-10 9.0830704e-10 9.0864496e-10 9.0888035e-10 9.0901449e-10 9.0904866e-10 9.0898420e-10 9.0882242e-10 9.0856467e-10 9.0821232e-10 9.0776674e-10 9.0722933e-10 9.0660149e-10 9.0588463e-10 9.0508016e-10 9.0418953e-10 9.0321416e-10 9.0215551e-10 9.0101502e-10 8.9979414e-10 8.9849434e-10 8.9711707e-10 8.9566379e-10 8.9413596e-10 8.9253505e-10 8.9086251e-10 8.8911981e-10 8.8730840e-10 8.8542973e-10 8.8348526e-10 8.8147642e-10 8.7940465e-10 8.7727140e-10 8.7507807e-10 8.7282610e-10 8.7051689e-10 8.6815184e-10 8.6573235e-10 8.6325981e-10 8.6073558e-10 8.5816103e-10 8.5553751e-10 8.5286636e-10 8.5014892e-10 8.4738650e-10 8.4458041e-10 8.4173193e-10 8.3884235e-10 8.3591294e-10 8.3294494e-10
8.9239528e-10 8.9296433e-10 8.9343057e-10 8.9379515e-10 8.9405931e-10 8.9422427e-10 8.9429127e-10 8.9426160e-10 8.9413653e-10 8.9391737e-10 8.9360544e-10 8.9320208e-10 8.9270862e-10 8.9212643e-10 8.9145687e-10 8.9070133e-10 8.8986118e-10 8.8893783e-10 8.8793267e-10 8.8684710e-10 8.8568255e-10 8.8444042e-10 8.8312213e-10 8.8172910e-10 8.8026275e-10 8.7872450e-10 8.7711577e-10 8.7543798e-10 8.7369254e-10 8.7188086e-10 8.7000436e-10 8.6806445e-10 8.6606251e-10 8.6399995e-10 8.6187815e-10 8.5969850e-10 8.5746237e-10 8.5517113e-10 8.5282614e-10 8.5042874e-10 8.4798027e-10 8.4548207e-10 8.4293545e-10 8.4034173e-10 8.3770220e-10 8.3501814e-10 8.3229084e-10 8.2952156e-10 8.2671153e-10 8.2386201e-10
8.7710080e-10 8.7779279e-10 8.7838296e-10 8.7887243e-10 8.7926235e-10 8.7955388e-10 8.7974822e-10 8.7984657e-10 8.7985015e-10 8.7976022e-10 8.7957804e-10 8.7930487e-10 8.7894202e-10 8.7849078e-10 8.7795247e-10 8.7732842e-10 8.7661996e-10 8.7582843e-10 8.7495518e-10 8.7400159e-10 8.7296900e-10 8.7185878e-10 8.7067232e-10 8.6941098e-10 8.6807615e-10 8.6666921e-10 8.6519152e-10 8.6364448e-10 8.6202947e-10 8.6034785e-10 8.5860101e-10 8.5679031e-10 8.5491713e-10 8.5298282e-10 8.5098875e-10 8.4893627e-10 8.4682672e-10 8.4466144e-10 8.4244176e-10 8.4016901e-10 8.3784451e-10 8.3546955e-10 8.3304545e-10 8.3057348e-10 8.2805492e-10 8.2549104e-10 8.2288310e-10 8.2023233e-10 8.1753998e-10 8.1480727e-10
8.6198230e-10 8.6279287e-10 8.6350267e-10 8.6411277e-10 8.6462425e-10 8.6503821e-10 8.6535579e-10 8.6557812e-10 8.6570639e-10 8.6574177e-10 8.6568546e-10 8.6553870e-10 8.6530271e-10 8.6497874e-10 8.6456805e-10 8.6407192e-10 8.6349164e-10 8.6282848e-10 8.6208377e-10 8.6125881e-10 8.6035492e-10 8.5937341e-10 8.5831563e-10 8.5718290e-10 8.5597656e-10 8.5469794e-10 8.5334840e-10 8.5192926e-10 8.5044188e-10 8.4888758e-10 8.4726772e-10 8.4558362e-10 8.4383663e-10 8.4202807e-10 8.4015927e-10 8.3823155e-10 8.3624624e-10 8.3420463e-10 8.3210804e-10 8.2995777e-10 8.2775510e-10 8.2550131e-10 8.2319769e-10 8.2084550e-10 8.1844599e-10 8.1600041e-10 8.1351000e-10 8.1097598e-10 8.0839957e-10 8.0578197e-10
8.4704009e-10 8.4796493e-10 8.4879012e-10 8.4951666e-10 8.5014556e-10 8.5067787e-10 8.5111465e-10 8.5145699e-10 8.5170601e-10 8.5186283e-10 8.5192859e-10 8.5190446e-10 8.5179163e-10 8.5159128e-10 8.5130463e-10 8.5093289e-10 8.5047730e-10 8.4993911e-10 8.4931957e-10 8.4861994e-10 8.4784150e-10 8.4698552e-10 8.4605329e-10 8.4504609e-10 8.4396523e-10 8.4281199e-10 8.4158769e-10 8.4029361e-10 8.3893107e-10 8.3750138e-10 8.3600582e-10 8.3444571e-10 8.3282234e-10 8.3113703e-10 8.2939105e-10 8.2758570e-10 8.2572228e-10 8.2380206e-10 8.2182632e-10 8.1979633e-10 8.1771336e-10 8.1557867e-10 8.1339350e-10 8.1115910e-10 8.0887671e-10 8.0654755e-10 8.0417283e-10 8.0175377e-10 7.9929156e-10 7.9678739e-10
8.3227440e-10 8.3330930e-10 8.3424570e-10 8.3508455e-10 8.3582679e-10 8.3647341e-10 8.3702542e-10 8.3748384e-10 8.3784974e-10 8.3812416e-10 8.3830822e-10 8.3840302e-10 8.3840968e-10 8.3832934e-10 8.3816316e-10 8.3791232e-10 8.3757799e-10 8.3716137e-10 8.3666367e-10 8.3608610e-10 8.3542989e-10 8.3469627e-10 8.3388648e-10 8.3300177e-10 8.3204338e-10 8.3101259e-10 8.2991064e-10 8.2873880e-10 8.2749833e-10 8.2619051e-10 8.2481660e-10 8.2337786e-10 8.2187557e-10 8.2031100e-10 8.1868539e-10 8.1700003e-10 8.1525615e-10 8.1345503e-10 8.1159790e-10 8.0968601e-10 8.0772061e-10 8.0570292e-10 8.0363417e-10 8.0151558e-10 7.9934836e-10 7.9713373e-10 7.9487286e-10 7.9256696e-10 7.9021720e-10 7.8782475e-10
8.1768539e-10 8.1882620e-10 8.1986971e-10 8.2081680e-10 8.2166836e-10 8.2242533e-10 8.2308864e-10 8.2365927e-10 8.2413821e-10 8.2452647e-10 8.2482510e-10 8.2503515e-10 8.2515768e-10 8.2519378e-10 8.2514457e-10 8.2501115e-10 8.2479467e-10 8.2449627e-10 8.2411710e-10 8.2365834e-10 8.2312117e-10 8.2250677e-10 8.2181633e-10 8.2105107e-10 8.2021219e-10 8.1930091e-10 8.1831845e-10 8.1726603e-10 8.1614488e-10 8.1495622e-10 8.1370130e-10 8.1238134e-10 8.1099758e-10 8.0955125e-10 8.0804358e-10 8.0647580e-10 8.0484913e-10 8.0316482e-10 8.0142406e-10 7.9962809e-10 7.9777811e-10 7.9587533e-10 7.9392096e-10 7.9191619e-10 7.8986221e-10 7.8776020e-10 7.8561134e-10 7.8341679e-10 7.8117772e-10 7.7889527e-10
8.0327316e-10 8.0451579e-10 8.0566237e-10 8.0671370e-10 8.0767064e-10 8.0853403e-10 8.0930478e-10 8.0998379e-10 8.1057201e-10 8.1107039e-10 8.1147991e-10 8.1180157e-10 8.1203639e-10 8.1218541e-10 8.1224968e-10 8.1223027e-10 8.1212826e-10 8.1194475e-10 8.1168085e-10 8.1133768e-10 8.1091637e-10 8.1041807e-10 8.0984394e-10 8.0919512e-10 8.0847278e-10 8.0767811e-10 8.0681228e-10 8.0587648e-10 8.0487189e-10 8.0379971e-10 8.0266114e-10 8.0145736e-10 8.0018959e-10 7.9885901e-10 7.9746684e-10 7.9601425e-10 7.9450247e-10 7.9293267e-10 7.9130605e-10 7.8962380e-10 7.8788711e-10 7.8609716e-10 7.8425512e-10 7.8236217e-10 7.8041948e-10 7.7842819e-10 7.7638948e-10 7.7430448e-10 7.7217433e-10 7.7000016e-10
7.8903773e-10 7.9037817e-10 7.9162384e-10 7.9277549e-10 7.9383390e-10 7.9479987e-10 7.9567425e-10 7.9645788e-10 7.9715166e-10 7.9775647e-10 7.9827326e-10 7.9870296e-10 7.9904654e-10 7.9930499e-10 7.9947930e-10 7.9957050e-10 7.9957962e-10 7.9950771e-10 7.9935583e-10 7.9912506e-10 7.9881648e-10 7.9843120e-10 7.9797031e-10 7.9743495e-10 7.9682622e-10 7.9614528e-10 7.9539325e-10 7.9457128e-10 7.9368052e-10 7.9272213e-10 7.9169727e-10 7.9060710e-10 7.8945278e-10 7.8823548e-10 7.8695637e-10 7.8561661e-10 7.8421736e-10 7.8275980e-10 7.8124508e-10 7.7967437e-10 7.7804883e-10 7.7636961e-10 7.7463787e-10 7.7285474e-10 7.7102138e-10 7.6913891e-10 7.6720848e-10 7.6523121e-10 7.6320821e-10 7.6114060e-10
7.7497906e-10 7.7641336e-10 7.7775422e-10 7.7900231e-10 7.8015837e-10 7.8122314e-10 7.8219739e-10 7.8308194e-10 7.8387760e-10 7.8458523e-10 7.8520570e-10 7.8573991e-10 7.8618876e-10 7.8655319e-10 7.8683415e-10 7.8703261e-10 7.8714956e-10 7.8718599e-10 7.8714293e-10 7.8702139e-10 7.8682243e-10 7.8654710e-10 7.8619646e-10 7.8577158e-10 7.8527355e-10 7.8470346e-10 7.8406241e-10 7.8335151e-10 7.8257187e-10 7.8172461e-10 7.8081084e-10 7.7983170e-10 7.7878832e-10 7.7768182e-10 7.7651335e-10 7.7528403e-10 7.7399500e-10 7.7264739e-10 7.7124234e-10 7.6978099e-10 7.6826446e-10 7.6669388e-10 7.6507038e-10 7.6339507e-10 7.6166909e-10 7.5989354e-10 7.5806952e-10 7.5619815e-10 7.5428053e-10 7.5231773e-10
7.6109702e-10 7.6262133e-10 7.6405354e-10 7.6539428e-10 7.6664421e-10 7.6780404e-10 7.6887449e-10 7.6985630e-10 7.7075024e-10 7.7155711e-10 7.7227774e-10 7.7291296e-10 7.7346363e-10 7.7393064e-10 7.7431490e-10 7.7461731e-10 7.7483882e-10 7.7498037e-10 7.7504295e-10 7.7502753e-10 7.7493510e-10 7.7476669e-10 7.7452330e-10 7.7420597e-10 7.7381574e-10 7.7335367e-10 7.7282080e-10 7.7221822e-10 7.7154699e-10 7.7080820e-10 7.7000293e-10 7.6913226e-10 7.6819731e-10 7.6719915e-10 7.6613890e-10 7.6501765e-10 7.6383652e-10 7.6259659e-10 7.6129899e-10 7.5994481e-10 7.5853515e-10 7.5707112e-10 7.5555382e-10 7.5398434e-10 7.5236378e-10 7.5069322e-10 7.4897376e-10 7.4720647e-10 7.4539243e-10 7.4353271e-10
7.4739144e-10 7.4900196e-10 7.5052175e-10 7.5195140e-10 7.5329152e-10 7.5454275e-10 7.5570575e-10 7.5678123e-10 7.5776990e-10 7.5867250e-10 7.5948980e-10 7.6022260e-10 7.6087170e-10 7.6143794e-10 7.6192217e-10 7.6232526e-10 7.6264810e-10 7.6289159e-10 7.6305667e-10 7.6314426e-10 7.6315532e-10 7.6309082e-10 7.6295172e-10 7.6273903e-10 7.6245374e-10 7.6209685e-10 7.6166940e-10 7.6117241e-10 7.6060691e-10 7.5997395e-10 7.5927458e-10 7.5850985e-10 7.5768082e-10 7.5678855e-10 7.5583412e-10 7.5481859e-10 7.5374303e-10 7.5260852e-10 7.5141614e-10 7.5016695e-10 7.4886204e-10 7.4750247e-10 7.4608932e-10 7.4462367e-10 7.4310657e-10 7.4153910e-10 7.3992231e-10 7.3825728e-10 7.3654504e-10 7.3478666e-10
7.3386208e-10 7.3555508e-10 7.3715876e-10 7.3867366e-10 7.4010033e-10 7.4143935e-10 7.4269135e-10 7.4385695e-10 7.4493684e-10 7.4593171e-10 7.4684226e-10 7.4766925e-10 7.4841343e-10 7.4907558e-10 7.4965652e-10 7.5015705e-10 7.5057804e-10 7.5092033e-10 7.5118480e-10 7.5137235e-10 7.5148387e-10 7.5152030e-10 7.5148257e-10 7.5137163e-10 7.5118842e-10 7.5093394e-10 7.5060914e-10 7.5021503e-10 7.4975260e-10 7.4922285e-10 7.4862681e-10 7.4796548e-10 7.4723989e-10 7.4645108e-10 7.4560007e-10 7.4468790e-10 7.4371562e-10 7.4268427e-10 7.4159489e-10 7.4044852e-10 7.3924622e-10 7.3798903e-10 7.3667800e-10 7.3531416e-10 7.3389857e-10 7.3243227e-10 7.3091629e-10 7.2935168e-10 7.2773946e-10 7.2608066e-10
7.2050863e-10 7.2228046e-10 7.2396441e-10 7.2556095e-10 7.2707060e-10 7.2849388e-10 7.2983136e-10 7.3108362e-10 7.3225129e-10 7.3333501e-10 7.3433544e-10 7.3525328e-10 7.3608923e-10 7.3684404e-10 7.3751845e-10 7.3811325e-10 7.3862923e-10 7.3906721e-10 7.3942801e-10 7.3971248e-10 7.3992149e-10 7.4005591e-10 7.4011664e-10 7.4010458e-10 7.4002065e-10 7.3986578e-10 7.3964091e-10 7.3934699e-10 7.3898499e-10 7.3855585e-10 7.3806058e-10 7.3750014e-10 7.3687553e-10 7.3618774e-10 7.3543777e-10 7.3462663e-10 7.3375533e-10 7.3282488e-10 7.3183629e-10 7.3079058e-10 7.2968877e-10 7.2853188e-10 7.2732092e-10 7.2605691e-10 7.2474087e-10 7.2337383e-10 7.2195679e-10 7.2049076e-10 7.1897676e-10 7.1741579e-10
