Pycode/rasters/asc_loose_final/q125.asc
ncols 503
nrows 503
xllcenter 77450.73
yllcenter 235700.68
cellsize 6
nodata_value -9999
[rows 88 to 109 of 503, columns 450 to 499 of 503]
6.3580190e-09 6.2866410e-09 6.2158234e-09 6.1455702e-09 6.0758853e-09 6.0067720e-09 5.9382335e-09 5.8702727e-09 5.8028922e-09 5.7360942e-09 5.6698807e-09 5.6042535e-09 5.5392140e-09 5.4747634e-09 5.4109027e-09 5.3476325e-09 5.2849534e-09 5.2228656e-09 5.1613691e-09 5.1004638e-09 5.0401491e-09 4.9804244e-09 4.9212891e-09 4.8627420e-09 4.8047820e-09 4.7474077e-09 4.6906176e-09 4.6344100e-09 4.5787831e-09 4.5237348e-09 4.4692629e-09 4.4153653e-09 4.3620394e-09 4.3092827e-09 4.2570926e-09 4.2054663e-09 4.1544008e-09 4.1038932e-09 4.0539403e-09 4.0045389e-09 3.9556858e-09 3.9073776e-09 3.8596108e-09 3.8123818e-09 3.7656871e-09 3.7195230e-09 3.6738857e-09 3.6287715e-09 3.5841765e-09 3.5400967e-09
6.3781292e-09 6.3058317e-09 6.2341167e-09 6.1629880e-09 6.0924490e-09 6.0225028e-09 5.9531523e-09 5.8844001e-09 5.8162482e-09 5.7486988e-09 5.6817534e-09 5.6154135e-09 5.5496801e-09 5.4845543e-09 5.4200365e-09 5.3561271e-09 5.2928264e-09 5.2301341e-09 5.1680501e-09 5.1065738e-09 5.0457044e-09 4.9854411e-09 4.9257826e-09 4.8667278e-09 4.8082750e-09 4.7504226e-09 4.6931689e-09 4.6365117e-09 4.5804490e-09 4.5249784e-09 4.4700975e-09 4.4158038e-09 4.3620944e-09 4.3089667e-09 4.2564177e-09 4.2044442e-09 4.1530431e-09 4.1022112e-09 4.0519451e-09 4.0022413e-09 3.9530963e-09 3.9045065e-09 3.8564682e-09 3.8089775e-09 3.7620306e-09 3.7156237e-09 3.6697528e-09 3.6244138e-09 3.5796027e-09 3.5353153e-09
6.3975990e-09 6.3243846e-09 6.2517751e-09 6.1797741e-09 6.1083846e-09 6.0376093e-09 5.9674509e-09 5.8979114e-09 5.8289928e-09 5.7606966e-09 5.6930243e-09 5.6259767e-09 5.5595549e-09 5.4937591e-09 5.4285899e-09 5.3640471e-09 5.3001306e-09 5.2368399e-09 5.1741745e-09 5.1121335e-09 5.0507157e-09 4.9899201e-09 4.9297450e-09 4.8701889e-09 4.8112500e-09 4.7529263e-09 4.6952155e-09 4.6381156e-09 4.5816239e-09 4.5257379e-09 4.4704549e-09 4.4157719e-09 4.3616861e-09 4.3081942e-09 4.2552931e-09 4.2029794e-09 4.1512497e-09 4.1001004e-09 4.0495280e-09 3.9995286e-09 3.9500986e-09 3.9012340e-09 3.8529309e-09 3.8051853e-09 3.7579930e-09 3.7113500e-09 3.6652520e-09 3.6196949e-09 3.5746742e-09 3.5301858e-09
6.4164163e-09 6.3422881e-09 6.2687876e-09 6.1959179e-09 6.1236817e-09 6.0520816e-09 5.9811196e-09 5.9107976e-09 5.8411171e-09 5.7720794e-09 5.7036854e-09 5.6359357e-09 5.5688310e-09 5.5023712e-09 5.4365564e-09 5.3713863e-09 5.3068602e-09 5.2429775e-09 5.1797371e-09 5.1171379e-09 5.0551785e-09 4.9938572e-09 4.9331723e-09 4.8731218e-09 4.8137037e-09 4.7549155e-09 4.6967548e-09 4.6392191e-09 4.5823055e-09 4.5260112e-09 4.4703331e-09 4.4152680e-09 4.3608127e-09 4.3069638e-09 4.2537178e-09 4.2010710e-09 4.1490197e-09 4.0975602e-09 4.0466885e-09 3.9964006e-09 3.9466926e-09 3.8975602e-09 3.8489993e-09 3.8010056e-09 3.7535748e-09 3.7067025e-09 3.6603843e-09 3.6146158e-09 3.5693923e-09 3.5247094e-09
6.4345693e-09 6.3595307e-09 6.2851429e-09 6.2114087e-09 6.1383304e-09 6.0659100e-09 5.9941494e-09 5.9230500e-09 5.8526129e-09 5.7828391e-09 5.7137290e-09 5.6452832e-09 5.5775015e-09 5.5103839e-09 5.4439299e-09 5.3781388e-09 5.3130098e-09 5.2485417e-09 5.1847331e-09 5.1215826e-09 5.0590883e-09 4.9972484e-09 4.9360608e-09 4.8755231e-09 4.8156328e-09 4.7563874e-09 4.6977840e-09 4.6398198e-09 4.5824916e-09 4.5257963e-09 4.4697304e-09 4.4142906e-09 4.3594732e-09 4.3052746e-09 4.2516910e-09 4.1987184e-09 4.1463528e-09 4.0945903e-09 4.0434265e-09 3.9928574e-09 3.9428785e-09 3.8934854e-09 3.8446738e-09 3.7964392e-09 3.7487768e-09 3.7016823e-09 3.6551508e-09 3.6091776e-09 3.5637581e-09 3.5188875e-09
6.4520461e-09 6.3761012e-09 6.3008305e-09 6.2262363e-09 6.1523206e-09 6.0790851e-09 6.0065311e-09 5.9346598e-09 5.8634719e-09 5.7929678e-09 5.7231479e-09 5.6540120e-09 5.5855599e-09 5.5177910e-09 5.4507044e-09 5.3842992e-09 5.3185741e-09 5.2535275e-09 5.1891578e-09 5.1254631e-09 5.0624413e-09 5.0000901e-09 4.9384070e-09 4.8773895e-09 4.8170346e-09 4.7573394e-09 4.6983008e-09 4.6399156e-09 4.5821804e-09 4.5250916e-09 4.4686455e-09 4.4128385e-09 4.3576665e-09 4.3031257e-09 4.2492120e-09 4.1959210e-09 4.1432487e-09 4.0911905e-09 4.0397422e-09 3.9888991e-09 3.9386567e-09 3.8890103e-09 3.8399552e-09 3.7914868e-09 3.7436001e-09 3.6962903e-09 3.6495525e-09 3.6033818e-09 3.5577733e-09 3.5127218e-09
6.4688354e-09 6.3919887e-09 6.3158398e-09 6.2403906e-09 6.1656428e-09 6.0915977e-09 6.0182561e-09 5.9456188e-09 5.8736861e-09 5.8024581e-09 5.7319348e-09 5.6621155e-09 5.5929997e-09 5.5245863e-09 5.4568743e-09 5.3898620e-09 5.3235480e-09 5.2579303e-09 5.1930069e-09 5.1287755e-09 5.0652337e-09 5.0023787e-09 4.9402079e-09 4.8787181e-09 4.8179063e-09 4.7577691e-09 4.6983031e-09 4.6395047e-09 4.5813701e-09 4.5238956e-09 4.4670771e-09 4.4109106e-09 4.3553918e-09 4.3005166e-09 4.2462804e-09 4.1926788e-09 4.1397073e-09 4.0873612e-09 4.0356358e-09 3.9845263e-09 3.9340278e-09 3.8841355e-09 3.8348444e-09 3.7861495e-09 3.7380457e-09 3.6905280e-09 3.6435911e-09 3.5972299e-09 3.5514393e-09 3.5062140e-09
6.4849259e-09 6.4071823e-09 6.3301605e-09 6.2538619e-09 6.1782877e-09 6.1034388e-09 6.0293157e-09 5.9559188e-09 5.8832479e-09 5.8113028e-09 5.7400828e-09 5.6695872e-09 5.5998148e-09 5.5307643e-09 5.4624340e-09 5.3948222e-09 5.3279269e-09 5.2617457e-09 5.1962763e-09 5.1315160e-09 5.0674620e-09 5.0041112e-09 4.9414604e-09 4.8795064e-09 4.8182456e-09 4.7576743e-09 4.6977889e-09 4.6385853e-09 4.5800594e-09 4.5222072e-09 4.4650242e-09 4.4085062e-09 4.3526486e-09 4.2974468e-09 4.2428961e-09 4.1889918e-09 4.1357289e-09 4.0831026e-09 4.0311079e-09 3.9797397e-09 3.9289928e-09 3.8788622e-09 3.8293426e-09 3.7804287e-09 3.7321152e-09 3.6843968e-09 3.6372681e-09 3.5907237e-09 3.5447582e-09 3.4993662e-09
6.5003067e-09 6.4216717e-09 6.3437826e-09 6.2666405e-09 6.1902461e-09 6.1145999e-09 6.0397019e-09 5.9655521e-09 5.8921500e-09 5.8194948e-09 5.7475855e-09 5.6764209e-09 5.6059994e-09 5.5363193e-09 5.4673786e-09 5.3991751e-09 5.3317063e-09 5.2649696e-09 5.1989622e-09 5.1336811e-09 5.0691229e-09 5.0052844e-09 4.9421620e-09 4.8797519e-09 4.8180504e-09 4.7570534e-09 4.6967567e-09 4.6371561e-09 4.5782472e-09 4.5200254e-09 4.4624863e-09 4.4056249e-09 4.3494366e-09 4.2939164e-09 4.2390593e-09 4.1848602e-09 4.1313140e-09 4.0784154e-09 4.0261593e-09 3.9745402e-09 3.9235528e-09 3.8731915e-09 3.8234510e-09 3.7743258e-09 3.7258102e-09 3.6778986e-09 3.6305855e-09 3.5838652e-09 3.5377321e-09 3.4921804e-09
6.5149671e-09 6.4354466e-09 6.3566964e-09 6.2787172e-09 6.2015092e-09 6.1250725e-09 6.0494067e-09 5.9745112e-09 5.9003852e-09 5.8270274e-09 5.7544364e-09 5.6826106e-09 5.6115479e-09 5.5412462e-09 5.4717032e-09 5.4029161e-09 5.3348821e-09 5.2675982e-09 5.2010611e-09 5.1352675e-09 5.0702137e-09 5.0058959e-09 4.9423103e-09 4.8794527e-09 4.8173189e-09 4.7559046e-09 4.6952052e-09 4.6352161e-09 4.5759326e-09 4.5173498e-09 4.4594628e-09 4.4022665e-09 4.3457558e-09 4.2899255e-09 4.2347702e-09 4.1802846e-09 4.1264632e-09 4.0733005e-09 4.0207910e-09 3.9689290e-09 3.9177089e-09 3.8671250e-09 3.8171714e-09 3.7678425e-09 3.7191324e-09 3.6710353e-09 3.6235453e-09 3.5766565e-09 3.5303631e-09 3.4846591e-09
6.5288966e-09 6.4484970e-09 6.3688924e-09 6.2900830e-09 6.2120686e-09 6.1348486e-09 6.0584224e-09 5.9827889e-09 5.9079467e-09 5.8338943e-09 5.7606297e-09 5.6881507e-09 5.6164551e-09 5.5455402e-09 5.4754032e-09 5.4060410e-09 5.3374504e-09 5.2696279e-09 5.2025698e-09 5.1362724e-09 5.0707317e-09 5.0059434e-09 4.9419033e-09 4.8786069e-09 4.8160496e-09 4.7542267e-09 4.6931333e-09 4.6327644e-09 4.5731150e-09 4.5141798e-09 4.4559536e-09 4.3984309e-09 4.3416064e-09 4.2854745e-09 4.2300295e-09 4.1752657e-09 4.1211775e-09 4.0677590e-09 4.0150043e-09 3.9629076e-09 3.9114629e-09 3.8606642e-09 3.8105055e-09 3.7609808e-09 3.7120840e-09 3.6638090e-09 3.6161497e-09 3.5691000e-09 3.5226538e-09 3.4768048e-09
6.5420852e-09 6.4608135e-09 6.3803616e-09 6.3007293e-09 6.2219159e-09 6.1439205e-09 6.0667418e-09 5.9903783e-09 5.9148282e-09 5.8400894e-09 5.7661596e-09 5.6930361e-09 5.6207162e-09 5.5491968e-09 5.4784746e-09 5.4085461e-09 5.3394077e-09 5.2710555e-09 5.2034854e-09 5.1366932e-09 5.0706745e-09 5.0054248e-09 4.9409392e-09 4.8772130e-09 4.8142412e-09 4.7520187e-09 4.6905403e-09 4.6298006e-09 4.5697941e-09 4.5105154e-09 4.4519588e-09 4.3941186e-09 4.3369890e-09 4.2805641e-09 4.2248380e-09 4.1698047e-09 4.1154581e-09 4.0617922e-09 4.0088007e-09 3.9564775e-09 3.9048165e-09 3.8538112e-09 3.8034554e-09 3.7537429e-09 3.7046673e-09 3.6562222e-09 3.6084014e-09 3.5611984e-09 3.5146068e-09 3.4686204e-09
6.5545232e-09 6.4723867e-09 6.3910952e-09 6.3106478e-09 6.2310435e-09 6.1522808e-09 6.0743579e-09 5.9972729e-09 5.9210235e-09 5.8456070e-09 5.7710208e-09 5.6972617e-09 5.6243265e-09 5.5522116e-09 5.4809133e-09 5.4104278e-09 5.3407509e-09 5.2718782e-09 5.2038054e-09 5.1365277e-09 5.0700403e-09 5.0043383e-09 4.9394166e-09 4.8752699e-09 4.8118929e-09 4.7492800e-09 4.6874257e-09 4.6263243e-09 4.5659700e-09 4.5063569e-09 4.4474789e-09 4.3893301e-09 4.3319043e-09 4.2751953e-09 4.2191969e-09 4.1639027e-09 4.1093065e-09 4.0554017e-09 4.0021819e-09 3.9496408e-09 3.8977716e-09 3.8465680e-09 3.7960234e-09 3.7461312e-09 3.6968847e-09 3.6482775e-09 3.6003029e-09 3.5529543e-09 3.5062252e-09 3.4601088e-09
6.5662009e-09 6.4832076e-09 6.4010846e-09 6.3198305e-09 6.2394437e-09 6.1599223e-09 6.0812641e-09 6.0034665e-09 5.9265267e-09 5.8504418e-09 5.7752083e-09 5.7008229e-09 5.6272817e-09 5.5545808e-09 5.4827160e-09 5.4116829e-09 5.3414769e-09 5.2720934e-09 5.2035273e-09 5.1357737e-09 5.0688272e-09 5.0026826e-09 4.9373343e-09 4.8727766e-09 4.8090039e-09 4.7460101e-09 4.6837895e-09 4.6223358e-09 4.5616429e-09 4.5017046e-09 4.4425145e-09 4.3840663e-09 4.3263534e-09 4.2693694e-09 4.2131076e-09 4.1575615e-09 4.1027243e-09 4.0485894e-09 3.9951500e-09 3.9423994e-09 3.8903307e-09 3.8389371e-09 3.7882119e-09 3.7381481e-09 3.6887390e-09 3.6399777e-09 3.5918572e-09 3.5443709e-09 3.4975118e-09 3.4512732e-09
6.5771093e-09 6.4932676e-09 6.4103217e-09 6.3282697e-09 6.2471094e-09 6.1668384e-09 6.0874540e-09 6.0089531e-09 5.9313325e-09 5.8545885e-09 5.7787175e-09 5.7037154e-09 5.6295780e-09 5.5563008e-09 5.4838792e-09 5.4123084e-09 5.3415833e-09 5.2716988e-09 5.2026494e-09 5.1344297e-09 5.0670341e-09 5.0004566e-09 4.9346915e-09 4.8697326e-09 4.8055739e-09 4.7422090e-09 4.6796316e-09 4.6178352e-09 4.5568133e-09 4.4965593e-09 4.4370666e-09 4.3783282e-09 4.3203376e-09 4.2630877e-09 4.2065717e-09 4.1507827e-09 4.0957136e-09 4.0413574e-09 3.9877072e-09 3.9347558e-09 3.8824961e-09 3.8309211e-09 3.7800237e-09 3.7297967e-09 3.6802331e-09 3.6313257e-09 3.5830675e-09 3.5354513e-09 3.4884701e-09 3.4421168e-09
6.5872397e-09 6.5025585e-09 6.4187988e-09 6.3359581e-09 6.2540337e-09 6.1730227e-09 6.0929217e-09 6.0137273e-09 5.9354356e-09 5.8580427e-09 5.7815441e-09 5.7059353e-09 5.6312118e-09 5.5573685e-09 5.4844003e-09 5.4123019e-09 5.3410679e-09 5.2706925e-09 5.2011700e-09 5.1324944e-09 5.0646597e-09 4.9976596e-09 4.9314877e-09 4.8661377e-09 4.8016030e-09 4.7378768e-09 4.6749525e-09 4.6128233e-09 4.5514822e-09 4.4909222e-09 4.4311363e-09 4.3721175e-09 4.3138584e-09 4.2563521e-09 4.1995912e-09 4.1435684e-09 4.0882765e-09 4.0337081e-09 3.9798559e-09 3.9267125e-09 3.8742706e-09 3.8225228e-09 3.7714617e-09 3.7210800e-09 3.6713701e-09 3.6223249e-09 3.5739370e-09 3.5261990e-09 3.4791035e-09 3.4326434e-09
6.5965837e-09 6.5110724e-09 6.4265084e-09 6.3428888e-09 6.2602102e-09 6.1784691e-09 6.0976617e-09 6.0177840e-09 5.9388315e-09 5.8607998e-09 5.7836840e-09 5.7074791e-09 5.6321799e-09 5.5577810e-09 5.4842767e-09 5.4116612e-09 5.3399287e-09 5.2690730e-09 5.1990879e-09 5.1299668e-09 5.0617034e-09 4.9942910e-09 4.9277228e-09 4.8619919e-09 4.7970914e-09 4.7330141e-09 4.6697531e-09 4.6073010e-09 4.5456506e-09 4.4847945e-09 4.4247253e-09 4.3654356e-09 4.3069179e-09 4.2491646e-09 4.1921682e-09 4.1359210e-09 4.0804155e-09 4.0256440e-09 3.9715989e-09 3.9182726e-09 3.8656573e-09 3.8137453e-09 3.7625292e-09 3.7120011e-09 3.6621535e-09 3.6129788e-09 3.5644693e-09 3.5166175e-09 3.4694158e-09 3.4228566e-09
6.6051332e-09 6.5188018e-09 6.4334437e-09 6.3490553e-09 6.2656328e-09 6.1831721e-09 6.1016688e-09 6.0211183e-09 5.9415158e-09 5.8628561e-09 5.7851338e-09 5.7083435e-09 5.6324795e-09 5.5575357e-09 5.4835062e-09 5.4103845e-09 5.3381644e-09 5.2668391e-09 5.1964020e-09 5.1268463e-09 5.0581649e-09 4.9903508e-09 4.9233968e-09 4.8572955e-09 4.7920397e-09 4.7276218e-09 4.6640343e-09 4.6012696e-09 4.5393201e-09 4.4781779e-09 4.4178354e-09 4.3582848e-09 4.2995181e-09 4.2415275e-09 4.1843052e-09 4.1278431e-09 4.0721334e-09 4.0171682e-09 3.9629393e-09 3.9094390e-09 3.8566592e-09 3.8045920e-09 3.7532295e-09 3.7025637e-09 3.6525868e-09 3.6032909e-09 3.5546681e-09 3.5067107e-09 3.4594107e-09 3.4127604e-09
6.6128806e-09 6.5257395e-09 6.4395979e-09 6.3544514e-09 6.2702958e-09 6.1871264e-09 6.1049382e-09 6.0237260e-09 5.9434844e-09 5.8642078e-09 5.7858903e-09 5.7085258e-09 5.6321081e-09 5.5566307e-09 5.4820870e-09 5.4084703e-09 5.3357736e-09 5.2639899e-09 5.1931120e-09 5.1231326e-09 5.0540442e-09 4.9858393e-09 4.9185103e-09 4.8520494e-09 4.7864489e-09 4.7217010e-09 4.6577975e-09 4.5947307e-09 4.5324923e-09 4.4710744e-09 4.4104687e-09 4.3506671e-09 4.2916615e-09 4.2334435e-09 4.1760050e-09 4.1193376e-09 4.0634332e-09 4.0082835e-09 3.9538802e-09 3.9002151e-09 3.8472799e-09 3.7950663e-09 3.7435663e-09 3.6927715e-09 3.6426739e-09 3.5932653e-09 3.5445375e-09 3.4964826e-09 3.4490924e-09 3.4023590e-09
6.6198188e-09 6.5318790e-09 6.4449648e-09 6.3590715e-09 6.2741941e-09 6.1903272e-09 6.1074655e-09 6.0256030e-09 5.9447339e-09 5.8648520e-09 5.7859507e-09 5.7080235e-09 5.6310636e-09 5.5550641e-09 5.4800179e-09 5.4059175e-09 5.3327558e-09 5.2605250e-09 5.1892176e-09 5.1188257e-09 5.0493415e-09 4.9807569e-09 4.9130640e-09 4.8462546e-09 4.7803203e-09 4.7152531e-09 4.6510445e-09 4.5876861e-09 4.5251694e-09 4.4634861e-09 4.4026276e-09 4.3425853e-09 4.2833508e-09 4.2249153e-09 4.1672705e-09 4.1104076e-09 4.0543182e-09 3.9989935e-09 3.9444252e-09 3.8906045e-09 3.8375230e-09 3.7851721e-09 3.7335435e-09 3.6826285e-09 3.6324187e-09 3.5829059e-09 3.5340816e-09 3.4859374e-09 3.4384652e-09 3.3916567e-09
6.6259409e-09 6.5372139e-09 6.4495387e-09 6.3629102e-09 6.2773226e-09 6.1927702e-09 6.1092467e-09 6.0267459e-09 5.9452611e-09 5.8647857e-09 5.7853125e-09 5.7068346e-09 5.6293445e-09 5.5528347e-09 5.4772976e-09 5.4027255e-09 5.3291103e-09 5.2564442e-09 5.1847188e-09 5.1139261e-09 5.0440575e-09 4.9751047e-09 4.9070592e-09 4.8399123e-09 4.7736555e-09 4.7082800e-09 4.6437771e-09 4.5801380e-09 4.5173538e-09 4.4554157e-09 4.3943147e-09 4.3340422e-09 4.2745890e-09 4.2159462e-09 4.1581051e-09 4.1010566e-09 4.0447918e-09 3.9893019e-09 3.9345779e-09 3.8806111e-09 3.8273925e-09 3.7749135e-09 3.7231651e-09 3.6721387e-09 3.6218256e-09 3.5722171e-09 3.5233047e-09 3.4750797e-09 3.4275336e-09 3.3806580e-09
6.6312407e-09 6.5417383e-09 6.4533143e-09 6.3659626e-09 6.2796771e-09 6.1944513e-09 6.1102784e-09 6.0271514e-09 5.9450633e-09 5.8640066e-09 5.7839739e-09 5.7049574e-09 5.6269493e-09 5.5499414e-09 5.4739257e-09 5.3988938e-09 5.3248373e-09 5.2517477e-09 5.1796164e-09 5.1084345e-09 5.0381933e-09 4.9688839e-09 4.9004973e-09 4.8330245e-09 4.7664564e-09 4.7007839e-09 4.6359978e-09 4.5720889e-09 4.5090480e-09 4.4468659e-09 4.3855332e-09 4.3250408e-09 4.2653793e-09 4.2065396e-09 4.1485122e-09 4.0912881e-09 4.0348578e-09 3.9792124e-09 3.9243424e-09 3.8702389e-09 3.8168926e-09 3.7642945e-09 3.7124355e-09 3.6613067e-09 3.6108990e-09 3.5612035e-09 3.5122114e-09 3.4639139e-09 3.4163022e-09 3.3693676e-09
