Pycode/rasters/asc_loose_final/q250.asc
ncols 544
nrows 544
xllcenter 77675.65
yllcenter 235800.31
cellsize 5
nodata_value -9999
[rows 0 to 21 of 544, columns 0 to 49 of 544]
3.9421060e-10 5.5184782e-10 5.7663991e-10 5.8070246e-10 5.8480873e-10 5.8895936e-10 5.9315501e-10 5.9739636e-10 6.0168409e-10 6.0601892e-10 6.1040156e-10 6.1483277e-10 6.1931331e-10 6.2384395e-10 6.2842550e-10 6.3305877e-10 6.3774460e-10 6.4248385e-10 6.4727739e-10 6.5212613e-10 6.5703097e-10 6.6199287e-10 6.6701278e-10 6.7209168e-10 6.7723058e-10 6.8243050e-10 6.8769248e-10 6.9301761e-10 6.9840697e-10 7.0386167e-10 7.0938286e-10 7.1497169e-10 7.2062934e-10 7.2635703e-10 7.3215598e-10 7.3802743e-10 7.4397267e-10 7.4999299e-10 7.5608971e-10 7.6226417e-10 7.6851773e-10 7.7485178e-10 7.8126771e-10 7.8776696e-10 7.9435098e-10 8.0102122e-10 8.0777918e-10 8.1462636e-10 8.2156429e-10 8.2859450e-10
5.5098186e-10 7.7936686e-10 8.1628936e-10 8.2204032e-10 8.2785322e-10 8.3372899e-10 8.3966855e-10 8.4567284e-10 8.5174286e-10 8.5787959e-10 8.6408405e-10 8.7035731e-10 8.7670043e-10 8.8311452e-10 8.8960070e-10 8.9616013e-10 9.0279399e-10 9.0950349e-10 9.1628987e-10 9.2315439e-10 9.3009836e-10 9.3712310e-10 9.4422996e-10 9.5142034e-10 9.5869565e-10 9.6605733e-10 9.7350688e-10 9.8104580e-10 9.8867563e-10 9.9639796e-10 1.0042144e-09 1.0121265e-09 1.0201361e-09 1.0282448e-09 1.0364543e-09 1.0447665e-09 1.0531831e-09 1.0617060e-09 1.0703369e-09 1.0790779e-09 1.0879309e-09 1.0968978e-09 1.1059805e-09 1.1151813e-09 1.1245019e-09 1.1339447e-09 1.1435116e-09 1.1532048e-09 1.1630264e-09 1.1729787e-09
5.7437729e-10 8.1436841e-10 8.5376235e-10 8.5977719e-10 8.6585693e-10 8.7200251e-10 8.7821491e-10 8.8449511e-10 8.9084413e-10 8.9726301e-10 9.0375281e-10 9.1031464e-10 9.1694959e-10 9.2365884e-10 9.3044353e-10 9.3730489e-10 9.4424414e-10 9.5126254e-10 9.5836138e-10 9.6554199e-10 9.7280571e-10 9.8015392e-10 9.8758804e-10 9.9510952e-10 1.0027198e-09 1.0104205e-09 1.0182130e-09 1.0260990e-09 1.0340801e-09 1.0421579e-09 1.0503341e-09 1.0586104e-09 1.0669886e-09 1.0754704e-09 1.0840577e-09 1.0927523e-09 1.1015560e-09 1.1104709e-09 1.1194988e-09 1.1286417e-09 1.1379017e-09 1.1472809e-09 1.1567812e-09 1.1664048e-09 1.1761539e-09 1.1860307e-09 1.1960373e-09 1.2061759e-09 1.2164490e-09 1.2268586e-09
5.7693824e-10 8.1799906e-10 8.5756817e-10 8.6360944e-10 8.6971601e-10 8.7588885e-10 8.8212890e-10 8.8843717e-10 8.9481466e-10 9.0126242e-10 9.0778151e-10 9.1437302e-10 9.2103807e-10 9.2777780e-10 9.3459340e-10 9.4148606e-10 9.4845701e-10 9.5550751e-10 9.6263886e-10 9.6985237e-10 9.7714940e-10 9.8453132e-10 9.9199956e-10 9.9955556e-10 1.0072008e-09 1.0149368e-09 1.0227651e-09 1.0306872e-09 1.0387049e-09 1.0468197e-09 1.0550333e-09 1.0633475e-09 1.0717639e-09 1.0802844e-09 1.0889108e-09 1.0976450e-09 1.1064888e-09 1.1154441e-09 1.1245130e-09 1.1336974e-09 1.1429994e-09 1.1524209e-09 1.1619642e-09 1.1716313e-09 1.1814244e-09 1.1913457e-09 1.2013974e-09 1.2115818e-09 1.2219011e-09 1.2323577e-09
5.7952337e-10 8.2166382e-10 8.6140947e-10 8.6747712e-10 8.7361049e-10 8.7981055e-10 8.8607824e-10 8.9241457e-10 8.9882053e-10 9.0529718e-10 9.1184558e-10 9.1846682e-10 9.2516201e-10 9.3193230e-10 9.3877887e-10 9.4570291e-10 9.5270566e-10 9.5978837e-10 9.6695234e-10 9.7419889e-10 9.8152936e-10 9.8894515e-10 9.9644767e-10 1.0040384e-09 1.0117187e-09 1.0194902e-09 1.0273545e-09 1.0353130e-09 1.0433675e-09 1.0515195e-09 1.0597707e-09 1.0681230e-09 1.0765779e-09 1.0851374e-09 1.0938033e-09 1.1025773e-09 1.1114614e-09 1.1204576e-09 1.1295678e-09 1.1387940e-09 1.1481382e-09 1.1576026e-09 1.1671891e-09 1.1769001e-09 1.1867375e-09 1.1967038e-09 1.2068010e-09 1.2170314e-09 1.2273974e-09 1.2379013e-09
5.8213341e-10 8.2536370e-10 8.6528728e-10 8.7138123e-10 8.7754135e-10 8.8376858e-10 8.9006388e-10 8.9642824e-10 9.0286267e-10 9.0936821e-10 9.1594593e-10 9.2259692e-10 9.2932229e-10 9.3612318e-10 9.4300078e-10 9.4995627e-10 9.5699090e-10 9.6410592e-10 9.7130261e-10 9.7858231e-10 9.8594637e-10 9.9339616e-10 1.0009331e-09 1.0085587e-09 1.0162743e-09 1.0240815e-09 1.0319819e-09 1.0399770e-09 1.0480685e-09 1.0562579e-09 1.0645471e-09 1.0729377e-09 1.0814314e-09 1.0900302e-09 1.0987357e-09 1.1075499e-09 1.1164747e-09 1.1255120e-09 1.1346638e-09 1.1439320e-09 1.1533189e-09 1.1628263e-09 1.1724565e-09 1.1822117e-09 1.1920939e-09 1.2021054e-09 1.2122484e-09 1.2225254e-09 1.2329384e-09 1.2434900e-09
5.8476911e-10 8.2909973e-10 8.6920266e-10 8.7532284e-10 8.8150962e-10 8.8776396e-10 8.9408681e-10 9.0047917e-10 9.0694204e-10 9.1347647e-10 9.2008351e-10 9.2676425e-10 9.3351982e-10 9.4035135e-10 9.4726001e-10 9.5424702e-10 9.6131359e-10 9.6846099e-10 9.7569051e-10 9.8300347e-10 9.9040121e-10 9.9788513e-10 1.0054566e-09 1.0131172e-09 1.0208683e-09 1.0287114e-09 1.0366481e-09 1.0446800e-09 1.0528087e-09 1.0610358e-09 1.0693631e-09 1.0777922e-09 1.0863250e-09 1.0949633e-09 1.1037088e-09 1.1125634e-09 1.1215291e-09 1.1306078e-09 1.1398015e-09 1.1491122e-09 1.1585420e-09 1.1680929e-09 1.1777671e-09 1.1875667e-09 1.1974940e-09 1.2075512e-09 1.2177405e-09 1.2280642e-09 1.2385247e-09 1.2491244e-09
5.8743124e-10 8.3287302e-10 8.7315675e-10 8.7930305e-10 8.8551641e-10 8.9179778e-10 8.9814812e-10 9.0456841e-10 9.1105968e-10 9.1762295e-10 9.2425929e-10 9.3096979e-10 9.3775555e-10 9.4461774e-10 9.5155751e-10 9.5857606e-10 9.6567463e-10 9.7285448e-10 9.8011690e-10 9.8746320e-10 9.9489474e-10 1.0024129e-09 1.0100191e-09 1.0177148e-09 1.0255015e-09 1.0333806e-09 1.0413539e-09 1.0494227e-09 1.0575888e-09 1.0658538e-09 1.0742194e-09 1.0826874e-09 1.0912595e-09 1.0999374e-09 1.1087232e-09 1.1176185e-09 1.1266255e-09 1.1357459e-09 1.1449818e-09 1.1543352e-09 1.1638082e-09 1.1734029e-09 1.1831214e-09 1.1929659e-09 1.2029386e-09 1.2130418e-09 1.2232777e-09 1.2336486e-09 1.2441570e-09 1.2548051e-09
5.9012064e-10 8.3668472e-10 8.7715073e-10 8.8332302e-10 8.8956285e-10 8.9587115e-10 9.0224890e-10 9.0869706e-10 9.1521666e-10 9.2180873e-10 9.2847433e-10 9.3521455e-10 9.4203051e-10 9.4892334e-10 9.5589423e-10 9.6294436e-10 9.7007497e-10 9.7728732e-10 9.8458269e-10 9.9196242e-10 9.9942784e-10 1.0069803e-09 1.0146214e-09 1.0223523e-09 1.0301747e-09 1.0380901e-09 1.0461000e-09 1.0542059e-09 1.0624096e-09 1.0707127e-09 1.0791169e-09 1.0876239e-09 1.0962354e-09 1.1049534e-09 1.1137796e-09 1.1227160e-09 1.1317644e-09 1.1409268e-09 1.1502052e-09 1.1596016e-09 1.1691182e-09 1.1787570e-09 1.1885201e-09 1.1984098e-09 1.2084283e-09 1.2185778e-09 1.2288607e-09 1.2392792e-09 1.2498358e-09 1.2605328e-09
5.9283817e-10 8.4053604e-10 8.8118585e-10 8.8738400e-10 8.9365016e-10 8.9998528e-10 9.0639032e-10 9.1286626e-10 9.1941411e-10 9.2603491e-10 9.3272972e-10 9.3949963e-10 9.4634574e-10 9.5326922e-10 9.6027121e-10 9.6735293e-10 9.7451560e-10 9.8176048e-10 9.8908886e-10 9.9650207e-10 1.0040014e-09 1.0115884e-09 1.0192643e-09 1.0270306e-09 1.0348889e-09 1.0428406e-09 1.0508873e-09 1.0590305e-09 1.0672720e-09 1.0756133e-09 1.0840563e-09 1.0926025e-09 1.1012538e-09 1.1100120e-09 1.1188789e-09 1.1278565e-09 1.1369466e-09 1.1461513e-09 1.1554725e-09 1.1649122e-09 1.1744727e-09 1.1841558e-09 1.1939640e-09 1.2038992e-09 1.2139638e-09 1.2241601e-09 1.2344902e-09 1.2449567e-09 1.2555618e-09 1.2663081e-09
5.9558475e-10 8.4442827e-10 8.8526341e-10 8.9148725e-10 8.9777961e-10 9.0414141e-10 9.1057362e-10 9.1707722e-10 9.2365323e-10 9.3030267e-10 9.3702662e-10 9.4382615e-10 9.5070238e-10 9.5765645e-10 9.6468954e-10 9.7180283e-10 9.7899756e-10 9.8627500e-10 9.9363642e-10 1.0010831e-09 1.0086165e-09 1.0162380e-09 1.0239489e-09 1.0317507e-09 1.0396449e-09 1.0476331e-09 1.0557167e-09 1.0638974e-09 1.0721768e-09 1.0805565e-09 1.0890384e-09 1.0976240e-09 1.1063153e-09 1.1151139e-09 1.1240218e-09 1.1330409e-09 1.1421730e-09 1.1514202e-09 1.1607844e-09 1.1702678e-09 1.1798724e-09 1.1896003e-09 1.1994537e-09 1.2094348e-09 1.2195459e-09 1.2297892e-09 1.2401670e-09 1.2506818e-09 1.2613359e-09 1.2721317e-09
5.9836133e-10 8.4836273e-10 8.8938480e-10 8.9563415e-10 9.0195253e-10 9.0834085e-10 9.1480009e-10 9.2133122e-10 9.2793527e-10 9.3461325e-10 9.4136624e-10 9.4819531e-10 9.5510159e-10 9.6208621e-10 9.6915034e-10 9.7629519e-10 9.8352197e-10 9.9083196e-10 9.9822643e-10 1.0057067e-09 1.0132741e-09 1.0209301e-09 1.0286761e-09 1.0365135e-09 1.0444437e-09 1.0524684e-09 1.0605891e-09 1.0688074e-09 1.0771249e-09 1.0855432e-09 1.0940642e-09 1.1026894e-09 1.1114208e-09 1.1202601e-09 1.1292092e-09 1.1382699e-09 1.1474443e-09 1.1567343e-09 1.1661418e-09 1.1756691e-09 1.1853181e-09 1.1950910e-09 1.2049900e-09 1.2150173e-09 1.2251752e-09 1.2354659e-09 1.2458918e-09 1.2564552e-09 1.2671586e-09 1.2780043e-09
6.0116891e-10 8.5234084e-10 8.9355145e-10 8.9982611e-10 9.0617032e-10 9.1258499e-10 9.1907109e-10 9.2562960e-10 9.3226154e-10 9.3896794e-10 9.4574985e-10 9.5260837e-10 9.5954461e-10 9.6655970e-10 9.7365483e-10 9.8083118e-10 9.8808998e-10 9.9543250e-10 1.0028600e-09 1.0103739e-09 1.0179754e-09 1.0256659e-09 1.0334470e-09 1.0413200e-09 1.0492864e-09 1.0573478e-09 1.0655056e-09 1.0737616e-09 1.0821172e-09 1.0905743e-09 1.0991345e-09 1.1077996e-09 1.1165712e-09 1.1254514e-09 1.1344418e-09 1.1435445e-09 1.1527614e-09 1.1620944e-09 1.1715455e-09 1.1811170e-09 1.1908107e-09 1.2006289e-09 1.2105738e-09 1.2206476e-09 1.2308526e-09 1.2411910e-09 1.2516652e-09 1.2622777e-09 1.2730307e-09 1.2839268e-09
6.0400856e-10 8.5636406e-10 8.9776488e-10 9.0406463e-10 9.1043445e-10 9.1687526e-10 9.2338804e-10 9.2997376e-10 9.3663344e-10 9.4336810e-10 9.5017881e-10 9.5706665e-10 9.6403274e-10 9.7107822e-10 9.7820425e-10 9.8541204e-10 9.9270281e-10 1.0000778e-09 1.0075384e-09 1.0150858e-09 1.0227213e-09 1.0304465e-09 1.0382627e-09 1.0461714e-09 1.0541740e-09 1.0622720e-09 1.0704672e-09 1.0787609e-09 1.0871549e-09 1.0956509e-09 1.1042504e-09 1.1129554e-09 1.1217676e-09 1.1306888e-09 1.1397208e-09 1.1488656e-09 1.1581252e-09 1.1675014e-09 1.1769964e-09 1.1866122e-09 1.1963510e-09 1.2062148e-09 1.2162059e-09 1.2263265e-09 1.2365789e-09 1.2469653e-09 1.2574883e-09 1.2681500e-09 1.2789531e-09 1.2899000e-09
6.0688138e-10 8.6043396e-10 9.0202669e-10 9.0835128e-10 9.1474647e-10 9.2121321e-10 9.2775245e-10 9.3436518e-10 9.4105241e-10 9.4781517e-10 9.5465452e-10 9.6157154e-10 9.6856736e-10 9.7564310e-10 9.8279994e-10 9.9003908e-10 9.9736175e-10 1.0047692e-09 1.0122627e-09 1.0198436e-09 1.0275133e-09 1.0352731e-09 1.0431244e-09 1.0510688e-09 1.0591076e-09 1.0672424e-09 1.0754749e-09 1.0838065e-09 1.0922389e-09 1.1007738e-09 1.1094130e-09 1.1181580e-09 1.1270108e-09 1.1359732e-09 1.1450470e-09 1.1542341e-09 1.1635366e-09 1.1729563e-09 1.1824954e-09 1.1921559e-09 1.2019399e-09 1.2118495e-09 1.2218871e-09 1.2320548e-09 1.2423549e-09 1.2527897e-09 1.2633617e-09 1.2740731e-09 1.2849266e-09 1.2959245e-09
6.0978852e-10 8.6455215e-10 9.0633855e-10 9.1268770e-10 9.1910801e-10 9.2560042e-10 9.3216590e-10 9.3880541e-10 9.4551999e-10 9.5231065e-10 9.5917846e-10 9.6612450e-10 9.7314989e-10 9.8025576e-10 9.8744329e-10 9.9471368e-10 1.0020681e-09 1.0095079e-09 1.0170344e-09 1.0246488e-09 1.0323524e-09 1.0401468e-09 1.0480333e-09 1.0560133e-09 1.0640884e-09 1.0722601e-09 1.0805299e-09 1.0888995e-09 1.0973704e-09 1.1059444e-09 1.1146231e-09 1.1234084e-09 1.1323020e-09 1.1413057e-09 1.1504214e-09 1.1596511e-09 1.1689966e-09 1.1784601e-09 1.1880434e-09 1.1977488e-09 1.2075783e-09 1.2175341e-09 1.2276184e-09 1.2378334e-09 1.2481816e-09 1.2586651e-09 1.2692864e-09 1.2800479e-09 1.2909520e-09 1.3020013e-09
6.1273122e-10 8.6872035e-10 9.1070221e-10 9.1707562e-10 9.2352077e-10 9.3003858e-10 9.3663003e-10 9.4329609e-10 9.5003778e-10 9.5685613e-10 9.6375219e-10 9.7072706e-10 9.7778185e-10 9.8491770e-10 9.9213577e-10 9.9943727e-10 1.0068234e-09 1.0142955e-09 1.0218547e-09 1.0295025e-09 1.0372402e-09 1.0450691e-09 1.0529907e-09 1.0610064e-09 1.0691178e-09 1.0773263e-09 1.0856335e-09 1.0940411e-09 1.1025506e-09 1.1111637e-09 1.1198822e-09 1.1287077e-09 1.1376422e-09 1.1466874e-09 1.1558452e-09 1.1651176e-09 1.1745064e-09 1.1840137e-09 1.1936415e-09 1.2033920e-09 1.2132672e-09 1.2232694e-09 1.2334007e-09 1.2436634e-09 1.2540598e-09 1.2645923e-09 1.2752633e-09 1.2860751e-09 1.2970303e-09 1.3081314e-09
6.1571075e-10 8.7294034e-10 9.1511952e-10 9.2151687e-10 9.2798654e-10 9.3452946e-10 9.4114659e-10 9.4783893e-10 9.5460748e-10 9.6145327e-10 9.6837736e-10 9.7538085e-10 9.8246484e-10 9.8963047e-10 9.9687891e-10 1.0042114e-09 1.0116291e-09 1.0191333e-09 1.0267252e-09 1.0344063e-09 1.0421779e-09 1.0500413e-09 1.0579979e-09 1.0660493e-09 1.0741969e-09 1.0824423e-09 1.0907869e-09 1.0992325e-09 1.1077806e-09 1.1164329e-09 1.1251912e-09 1.1340572e-09 1.1430326e-09 1.1521194e-09 1.1613195e-09 1.1706346e-09 1.1800669e-09 1.1896183e-09 1.1992908e-09 1.2090866e-09 1.2190078e-09 1.2290565e-09 1.2392351e-09 1.2495457e-09 1.2599907e-09 1.2705724e-09 1.2812933e-09 1.2921558e-09 1.3031624e-09 1.3143155e-09
6.1872845e-10 8.7721401e-10 9.1959240e-10 9.2601334e-10 9.3250719e-10 9.3907490e-10 9.4571741e-10 9.5243573e-10 9.5923085e-10 9.6610382e-10 9.7305569e-10 9.8008755e-10 9.8720051e-10 9.9439572e-10 1.0016743e-09 1.0090376e-09 1.0164867e-09 1.0240228e-09 1.0316474e-09 1.0393617e-09 1.0471670e-09 1.0550648e-09 1.0630565e-09 1.0711434e-09 1.0793272e-09 1.0876094e-09 1.0959915e-09 1.1044751e-09 1.1130618e-09 1.1217534e-09 1.1305515e-09 1.1394579e-09 1.1484745e-09 1.1576030e-09 1.1668454e-09 1.1762035e-09 1.1856793e-09 1.1952749e-09 1.2049923e-09 1.2148336e-09 1.2248010e-09 1.2348965e-09 1.2451226e-09 1.2554814e-09 1.2659752e-09 1.2766065e-09 1.2873776e-09 1.2982910e-09 1.3093492e-09 1.3205548e-09
6.2178573e-10 8.8154332e-10 9.2412289e-10 9.3056704e-10 9.3708471e-10 9.4367684e-10 9.5034440e-10 9.5708837e-10 9.6390976e-10 9.7080961e-10 9.7778898e-10 9.8484895e-10 9.9199064e-10 9.9921519e-10 1.0065238e-09 1.0139176e-09 1.0213979e-09 1.0289658e-09 1.0366228e-09 1.0443701e-09 1.0522091e-09 1.0601412e-09 1.0681678e-09 1.0762903e-09 1.0845102e-09 1.0928291e-09 1.1012486e-09 1.1097702e-09 1.1183956e-09 1.1271264e-09 1.1359644e-09 1.1449114e-09 1.1539691e-09 1.1631394e-09 1.1724242e-09 1.1818254e-09 1.1913449e-09 1.2009849e-09 1.2107473e-09 1.2206343e-09 1.2306480e-09 1.2407906e-09 1.2510643e-09 1.2614715e-09 1.2720144e-09 1.2826955e-09 1.2935171e-09 1.3044817e-09 1.3155919e-09 1.3268502e-09
6.2488407e-10 8.8593034e-10 9.2871311e-10 9.3518006e-10 9.4172116e-10 9.4833734e-10 9.5502957e-10 9.6179885e-10 9.6864617e-10 9.7557257e-10 9.8257913e-10 9.8966692e-10 9.9683706e-10 1.0040907e-09 1.0114290e-09 1.0188531e-09 1.0263644e-09 1.0339640e-09 1.0416532e-09 1.0494334e-09 1.0573059e-09 1.0652721e-09 1.0733335e-09 1.0814914e-09 1.0897474e-09 1.0981030e-09 1.1065598e-09 1.1151194e-09 1.1237834e-09 1.1325534e-09 1.1414314e-09 1.1504189e-09 1.1595178e-09 1.1687300e-09 1.1780572e-09 1.1875016e-09 1.1970650e-09 1.2067494e-09 1.2165570e-09 1.2264898e-09 1.2365500e-09 1.2467398e-09 1.2570615e-09 1.2675172e-09 1.2781095e-09 1.2888406e-09 1.2997130e-09 1.3107291e-09 1.3218916e-09 1.3332029e-09
6.2802501e-10 8.9037724e-10 9.3336530e-10 9.3985461e-10 9.4641871e-10 9.5305853e-10 9.5977504e-10 9.6656924e-10 9.7344212e-10 9.8039474e-10 9.8742814e-10 9.9454343e-10 1.0017417e-09 1.0090241e-09 1.0163919e-09 1.0238461e-09 1.0313881e-09 1.0390191e-09 1.0467403e-09 1.0545532e-09 1.0624590e-09 1.0704592e-09 1.0785552e-09 1.0867484e-09 1.0950404e-09 1.1034326e-09 1.1119266e-09 1.1205241e-09 1.1292267e-09 1.1380360e-09 1.1469538e-09 1.1559819e-09 1.1651220e-09 1.1743760e-09 1.1837459e-09 1.1932335e-09 1.2028408e-09 1.2125698e-09 1.2224227e-09 1.2324015e-09 1.2425084e-09 1.2527455e-09 1.2631153e-09 1.2736198e-09 1.2842616e-09 1.2950430e-09 1.3059664e-09 1.3170343e-09 1.3282493e-09 1.3396140e-09
