Pycode/rasters/asc_loose_final/q250.asc
ncols 544
nrows 544
xllcenter 77675.65
yllcenter 235800.31
cellsize 5
nodata_value -9999
[rows 330 to 351 of 544, columns 350 to 399 of 544]
2.5951455e-08 2.5639325e-08 2.5325784e-08 2.5011193e-08 2.4695894e-08 2.4380210e-08 2.4064444e-08 2.3748883e-08 2.3433796e-08 2.3119435e-08 2.2806038e-08 2.2493827e-08 2.2183009e-08 2.1873776e-08 2.1566309e-08 2.1260776e-08 2.0957331e-08 2.0656117e-08 2.0357267e-08 2.0060903e-08 1.9767137e-08 1.9476070e-08 1.9187795e-08 1.8902397e-08 1.8619953e-08 1.8340529e-08 1.8064189e-08 1.7790985e-08 1.7520965e-08 1.7254171e-08 1.6990638e-08 1.6730396e-08 1.6473470e-08 1.6219879e-08 1.5969638e-08 1.5722759e-08 1.5479249e-08 1.5239109e-08 1.5002341e-08 1.4768939e-08 1.4538896e-08 1.4312204e-08 1.4088849e-08 1.3868816e-08 1.3652088e-08 1.3438645e-08 1.3228466e-08 1.3021526e-08 1.2817802e-08 1.2617266e-08
2.5144716e-08 2.4855884e-08 2.4565132e-08 2.4272822e-08 2.3979293e-08 2.3684869e-08 2.3389855e-08 2.3094541e-08 2.2799198e-08 2.2504084e-08 2.2209440e-08 2.1915494e-08 2.1622458e-08 2.1330533e-08 2.1039905e-08 2.0750749e-08 2.0463228e-08 2.0177492e-08 1.9893682e-08 1.9611929e-08 1.9332352e-08 1.9055062e-08 1.8780161e-08 1.8507742e-08 1.8237891e-08 1.7970684e-08 1.7706191e-08 1.7444475e-08 1.7185593e-08 1.6929595e-08 1.6676525e-08 1.6426422e-08 1.6179318e-08 1.5935242e-08 1.5694218e-08 1.5456264e-08 1.5221395e-08 1.4989623e-08 1.4760954e-08 1.4535393e-08 1.4312939e-08 1.4093591e-08 1.3877342e-08 1.3664185e-08 1.3454110e-08 1.3247103e-08 1.3043149e-08 1.2842231e-08 1.2644331e-08 1.2449428e-08
2.4355792e-08 2.4089174e-08 2.3820182e-08 2.3549171e-08 2.3276480e-08 2.3002430e-08 2.2727327e-08 2.2451461e-08 2.2175105e-08 2.1898520e-08 2.1621949e-08 2.1345624e-08 2.1069762e-08 2.0794568e-08 2.0520235e-08 2.0246943e-08 1.9974860e-08 1.9704144e-08 1.9434943e-08 1.9167394e-08 1.8901624e-08 1.8637752e-08 1.8375887e-08 1.8116129e-08 1.7858572e-08 1.7603301e-08 1.7350393e-08 1.7099921e-08 1.6851947e-08 1.6606530e-08 1.6363722e-08 1.6123570e-08 1.5886114e-08 1.5651391e-08 1.5419431e-08 1.5190262e-08 1.4963905e-08 1.4740379e-08 1.4519698e-08 1.4301874e-08 1.4086913e-08 1.3874820e-08 1.3665597e-08 1.3459242e-08 1.3255751e-08 1.3055117e-08 1.2857332e-08 1.2662385e-08 1.2470263e-08 1.2280951e-08
2.3584729e-08 2.3339269e-08 2.3091027e-08 2.2840356e-08 2.2587587e-08 2.2333042e-08 2.2077022e-08 2.1819818e-08 2.1561702e-08 2.1302935e-08 2.1043764e-08 2.0784422e-08 2.0525130e-08 2.0266095e-08 2.0007514e-08 1.9749573e-08 1.9492444e-08 1.9236291e-08 1.8981267e-08 1.8727514e-08 1.8475167e-08 1.8224350e-08 1.7975179e-08 1.7727762e-08 1.7482198e-08 1.7238579e-08 1.6996991e-08 1.6757511e-08 1.6520211e-08 1.6285156e-08 1.6052405e-08 1.5822012e-08 1.5594025e-08 1.5368487e-08 1.5145436e-08 1.4924905e-08 1.4706925e-08 1.4491519e-08 1.4278710e-08 1.4068514e-08 1.3860946e-08 1.3656017e-08 1.3453733e-08 1.3254101e-08 1.3057122e-08 1.2862796e-08 1.2671119e-08 1.2482087e-08 1.2295692e-08 1.2111925e-08
2.2831542e-08 2.2606210e-08 2.2377736e-08 2.2146464e-08 2.1912724e-08 2.1676829e-08 2.1439080e-08 2.1199763e-08 2.0959150e-08 2.0717503e-08 2.0475067e-08 2.0232077e-08 1.9988754e-08 1.9745310e-08 1.9501944e-08 1.9258843e-08 1.9016185e-08 1.8774137e-08 1.8532857e-08 1.8292493e-08 1.8053183e-08 1.7815058e-08 1.7578238e-08 1.7342838e-08 1.7108962e-08 1.6876709e-08 1.6646170e-08 1.6417430e-08 1.6190566e-08 1.5965649e-08 1.5742746e-08 1.5521916e-08 1.5303214e-08 1.5086689e-08 1.4872386e-08 1.4660344e-08 1.4450600e-08 1.4243185e-08 1.4038126e-08 1.3835446e-08 1.3635166e-08 1.3437303e-08 1.3241870e-08 1.3048879e-08 1.2858335e-08 1.2670245e-08 1.2484612e-08 1.2301435e-08 1.2120713e-08 1.1942442e-08
2.2096219e-08 2.1890012e-08 2.1680347e-08 2.1467559e-08 2.1251971e-08 2.1033891e-08 2.0813615e-08 2.0591426e-08 2.0367594e-08 2.0142376e-08 1.9916019e-08 1.9688757e-08 1.9460812e-08 1.9232395e-08 1.9003708e-08 1.8774941e-08 1.8546273e-08 1.8317876e-08 1.8089909e-08 1.7862525e-08 1.7635867e-08 1.7410068e-08 1.7185254e-08 1.6961545e-08 1.6739051e-08 1.6517875e-08 1.6298113e-08 1.6079856e-08 1.5863186e-08 1.5648181e-08 1.5434912e-08 1.5223445e-08 1.5013840e-08 1.4806152e-08 1.4600432e-08 1.4396726e-08 1.4195075e-08 1.3995515e-08 1.3798081e-08 1.3602801e-08 1.3409701e-08 1.3218803e-08 1.3030127e-08 1.2843688e-08 1.2659500e-08 1.2477573e-08 1.2297914e-08 1.2120530e-08 1.1945423e-08 1.1772594e-08
2.1378719e-08 2.1190664e-08 2.0998875e-08 2.0803678e-08 2.0605388e-08 2.0404306e-08 2.0200723e-08 1.9994917e-08 1.9787153e-08 1.9577688e-08 1.9366764e-08 1.9154614e-08 1.8941461e-08 1.8727515e-08 1.8512978e-08 1.8298042e-08 1.8082887e-08 1.7867686e-08 1.7652603e-08 1.7437792e-08 1.7223399e-08 1.7009562e-08 1.6796410e-08 1.6584065e-08 1.6372644e-08 1.6162253e-08 1.5952993e-08 1.5744960e-08 1.5538240e-08 1.5332916e-08 1.5129065e-08 1.4926758e-08 1.4726059e-08 1.4527029e-08 1.4329724e-08 1.4134195e-08 1.3940489e-08 1.3748647e-08 1.3558708e-08 1.3370707e-08 1.3184674e-08 1.3000637e-08 1.2818620e-08 1.2638644e-08 1.2460727e-08 1.2284884e-08 1.2111128e-08 1.1939470e-08 1.1769916e-08 1.1602473e-08
2.0678975e-08 2.0508128e-08 2.0333308e-08 2.0154833e-08 1.9973008e-08 1.9788128e-08 1.9600475e-08 1.9410322e-08 1.9217930e-08 1.9023551e-08 1.8827425e-08 1.8629783e-08 1.8430844e-08 1.8230819e-08 1.8029909e-08 1.7828305e-08 1.7626189e-08 1.7423735e-08 1.7221109e-08 1.7018465e-08 1.6815952e-08 1.6613711e-08 1.6411875e-08 1.6210569e-08 1.6009911e-08 1.5810012e-08 1.5610978e-08 1.5412906e-08 1.5215890e-08 1.5020016e-08 1.4825363e-08 1.4632008e-08 1.4440021e-08 1.4249467e-08 1.4060405e-08 1.3872892e-08 1.3686979e-08 1.3502713e-08 1.3320137e-08 1.3139290e-08 1.2960208e-08 1.2782924e-08 1.2607465e-08 1.2433857e-08 1.2262123e-08 1.2092284e-08 1.1924355e-08 1.1758353e-08 1.1594287e-08 1.1432170e-08
1.9996895e-08 1.9842340e-08 1.9683610e-08 1.9521013e-08 1.9354843e-08 1.9185387e-08 1.9012919e-08 1.8837707e-08 1.8660005e-08 1.8480060e-08 1.8298109e-08 1.8114378e-08 1.7929085e-08 1.7742439e-08 1.7554638e-08 1.7365874e-08 1.7176329e-08 1.6986176e-08 1.6795581e-08 1.6604701e-08 1.6413687e-08 1.6222679e-08 1.6031813e-08 1.5841217e-08 1.5651012e-08 1.5461312e-08 1.5272226e-08 1.5083854e-08 1.4896293e-08 1.4709632e-08 1.4523957e-08 1.4339346e-08 1.4155874e-08 1.3973609e-08 1.3792616e-08 1.3612955e-08 1.3434681e-08 1.3257845e-08 1.3082496e-08 1.2908676e-08 1.2736426e-08 1.2565781e-08 1.2396776e-08 1.2229439e-08 1.2063798e-08 1.1899876e-08 1.1737696e-08 1.1577276e-08 1.1418631e-08 1.1261776e-08
1.9332362e-08 1.9193214e-08 1.9049723e-08 1.8902183e-08 1.8750881e-08 1.8596093e-08 1.8438086e-08 1.8277118e-08 1.8113439e-08 1.7947290e-08 1.7778902e-08 1.7608498e-08 1.7436293e-08 1.7262491e-08 1.7087291e-08 1.6910881e-08 1.6733443e-08 1.6555149e-08 1.6376165e-08 1.6196649e-08 1.6016751e-08 1.5836614e-08 1.5656375e-08 1.5476163e-08 1.5296101e-08 1.5116306e-08 1.4936888e-08 1.4757952e-08 1.4579596e-08 1.4401914e-08 1.4224992e-08 1.4048914e-08 1.3873757e-08 1.3699593e-08 1.3526492e-08 1.3354515e-08 1.3183723e-08 1.3014170e-08 1.2845909e-08 1.2678985e-08 1.2513444e-08 1.2349324e-08 1.2186665e-08 1.2025498e-08 1.1865855e-08 1.1707764e-08 1.1551250e-08 1.1396335e-08 1.1243040e-08 1.1091382e-08
1.8685236e-08 1.8560640e-08 1.8431563e-08 1.8298288e-08 1.8161090e-08 1.8020235e-08 1.7875982e-08 1.7728581e-08 1.7578274e-08 1.7425297e-08 1.7269874e-08 1.7112225e-08 1.6952558e-08 1.6791077e-08 1.6627976e-08 1.6463441e-08 1.6297652e-08 1.6130781e-08 1.5962992e-08 1.5794442e-08 1.5625283e-08 1.5455657e-08 1.5285702e-08 1.5115549e-08 1.4945321e-08 1.4775137e-08 1.4605109e-08 1.4435344e-08 1.4265943e-08 1.4097000e-08 1.3928607e-08 1.3760849e-08 1.3593806e-08 1.3427554e-08 1.3262164e-08 1.3097703e-08 1.2934233e-08 1.2771812e-08 1.2610496e-08 1.2450336e-08 1.2291378e-08 1.2133666e-08 1.1977241e-08 1.1822141e-08 1.1668399e-08 1.1516047e-08 1.1365114e-08 1.1215626e-08 1.1067606e-08 1.0921076e-08
1.8055357e-08 1.7944488e-08 1.7829030e-08 1.7709251e-08 1.7585417e-08 1.7457782e-08 1.7326597e-08 1.7192103e-08 1.7054534e-08 1.6914119e-08 1.6771077e-08 1.6625621e-08 1.6477956e-08 1.6328281e-08 1.6176785e-08 1.6023654e-08 1.5869064e-08 1.5713185e-08 1.5556179e-08 1.5398204e-08 1.5239409e-08 1.5079937e-08 1.4919926e-08 1.4759508e-08 1.4598806e-08 1.4437940e-08 1.4277023e-08 1.4116165e-08 1.3955467e-08 1.3795026e-08 1.3634936e-08 1.3475284e-08 1.3316152e-08 1.3157620e-08 1.2999760e-08 1.2842642e-08 1.2686332e-08 1.2530890e-08 1.2376376e-08 1.2222842e-08 1.2070340e-08 1.1918915e-08 1.1768612e-08 1.1619472e-08 1.1471531e-08 1.1324825e-08 1.1179386e-08 1.1035242e-08 1.0892420e-08 1.0750946e-08
1.7442544e-08 1.7344609e-08 1.7242000e-08 1.7134976e-08 1.7023789e-08 1.6908684e-08 1.6789901e-08 1.6667672e-08 1.6542224e-08 1.6413778e-08 1.6282546e-08 1.6148736e-08 1.6012546e-08 1.5874172e-08 1.5733799e-08 1.5591608e-08 1.5447773e-08 1.5302461e-08 1.5155833e-08 1.5008044e-08 1.4859243e-08 1.4709572e-08 1.4559168e-08 1.4408163e-08 1.4256680e-08 1.4104840e-08 1.3952758e-08 1.3800541e-08 1.3648295e-08 1.3496118e-08 1.3344104e-08 1.3192343e-08 1.3040919e-08 1.2889912e-08 1.2739399e-08 1.2589452e-08 1.2440138e-08 1.2291521e-08 1.2143662e-08 1.1996617e-08 1.1850439e-08 1.1705179e-08 1.1560882e-08 1.1417593e-08 1.1275351e-08 1.1134195e-08 1.0994158e-08 1.0855274e-08 1.0717572e-08 1.0581079e-08
1.6846601e-08 1.6760834e-08 1.6670335e-08 1.6575349e-08 1.6476117e-08 1.6372873e-08 1.6265846e-08 1.6155260e-08 1.6041333e-08 1.5924278e-08 1.5804300e-08 1.5681600e-08 1.5556373e-08 1.5428806e-08 1.5299081e-08 1.5167376e-08 1.5033860e-08 1.4898698e-08 1.4762048e-08 1.4624063e-08 1.4484890e-08 1.4344670e-08 1.4203539e-08 1.4061627e-08 1.3919060e-08 1.3775956e-08 1.3632431e-08 1.3488593e-08 1.3344549e-08 1.3200396e-08 1.3056232e-08 1.2912146e-08 1.2768224e-08 1.2624550e-08 1.2481200e-08 1.2338248e-08 1.2195764e-08 1.2053815e-08 1.1912463e-08 1.1771767e-08 1.1631782e-08 1.1492561e-08 1.1354153e-08 1.1216603e-08 1.1079956e-08 1.0944250e-08 1.0809524e-08 1.0675813e-08 1.0543148e-08 1.0411560e-08
1.6267311e-08 1.6192978e-08 1.6113877e-08 1.6030239e-08 1.5942294e-08 1.5850264e-08 1.5754368e-08 1.5654822e-08 1.5551834e-08 1.5445608e-08 1.5336343e-08 1.5224233e-08 1.5109465e-08 1.4992223e-08 1.4872683e-08 1.4751018e-08 1.4627394e-08 1.4501971e-08 1.4374906e-08 1.4246348e-08 1.4116442e-08 1.3985327e-08 1.3853139e-08 1.3720005e-08 1.3586051e-08 1.3451395e-08 1.3316152e-08 1.3180432e-08 1.3044339e-08 1.2907973e-08 1.2771431e-08 1.2634805e-08 1.2498181e-08 1.2361644e-08 1.2225271e-08 1.2089140e-08 1.1953320e-08 1.1817881e-08 1.1682886e-08 1.1548397e-08 1.1414471e-08 1.1281162e-08 1.1148522e-08 1.1016599e-08 1.0885439e-08 1.0755084e-08 1.0625574e-08 1.0496946e-08 1.0369235e-08 1.0242473e-08
1.5704444e-08 1.5640841e-08 1.5572452e-08 1.5499499e-08 1.5422196e-08 1.5340756e-08 1.5255389e-08 1.5166298e-08 1.5073683e-08 1.4977741e-08 1.4878663e-08 1.4776635e-08 1.4671838e-08 1.4564449e-08 1.4454641e-08 1.4342580e-08 1.4228429e-08 1.4112343e-08 1.3994476e-08 1.3874974e-08 1.3753980e-08 1.3631631e-08 1.3508058e-08 1.3383391e-08 1.3257751e-08 1.3131258e-08 1.3004025e-08 1.2876160e-08 1.2747770e-08 1.2618954e-08 1.2489809e-08 1.2360427e-08 1.2230896e-08 1.2101300e-08 1.1971720e-08 1.1842232e-08 1.1712909e-08 1.1583820e-08 1.1455032e-08 1.1326606e-08 1.1198603e-08 1.1071078e-08 1.0944085e-08 1.0817675e-08 1.0691893e-08 1.0566786e-08 1.0442394e-08 1.0318758e-08 1.0195915e-08 1.0073899e-08
1.5157759e-08 1.5104209e-08 1.5045876e-08 1.4982967e-08 1.4915686e-08 1.4844235e-08 1.4768812e-08 1.4689612e-08 1.4606825e-08 1.4520638e-08 1.4431235e-08 1.4338795e-08 1.4243493e-08 1.4145500e-08 1.4044981e-08 1.3942098e-08 1.3837009e-08 1.3729866e-08 1.3620818e-08 1.3510008e-08 1.3397576e-08 1.3283656e-08 1.3168378e-08 1.3051869e-08 1.2934249e-08 1.2815635e-08 1.2696141e-08 1.2575875e-08 1.2454940e-08 1.2333438e-08 1.2211465e-08 1.2089112e-08 1.1966469e-08 1.1843620e-08 1.1720646e-08 1.1597625e-08 1.1474630e-08 1.1351731e-08 1.1228997e-08 1.1106491e-08 1.0984274e-08 1.0862404e-08 1.0740935e-08 1.0619919e-08 1.0499406e-08 1.0379442e-08 1.0260071e-08 1.0141334e-08 1.0023271e-08 9.9059169e-09
1.4626999e-08 1.4582855e-08 1.4533947e-08 1.4480469e-08 1.4422614e-08 1.4360573e-08 1.4294532e-08 1.4224676e-08 1.4151187e-08 1.4074244e-08 1.3994021e-08 1.3910691e-08 1.3824421e-08 1.3735375e-08 1.3643713e-08 1.3549593e-08 1.3453166e-08 1.3354580e-08 1.3253979e-08 1.3151505e-08 1.3047291e-08 1.2941471e-08 1.2834171e-08 1.2725515e-08 1.2615623e-08 1.2504610e-08 1.2392588e-08 1.2279663e-08 1.2165939e-08 1.2051517e-08 1.1936491e-08 1.1820954e-08 1.1704994e-08 1.1588697e-08 1.1472144e-08 1.1355412e-08 1.1238576e-08 1.1121708e-08 1.1004876e-08 1.0888145e-08 1.0771576e-08 1.0655228e-08 1.0539159e-08 1.0423421e-08 1.0308065e-08 1.0193138e-08 1.0078687e-08 9.9647550e-09 9.8513816e-09 9.7386056e-09
1.4111898e-08 1.4076541e-08 1.4036454e-08 1.3991819e-08 1.3942817e-08 1.3889627e-08 1.3832426e-08 1.3771388e-08 1.3706687e-08 1.3638492e-08 1.3566969e-08 1.3492284e-08 1.3414596e-08 1.3334063e-08 1.3250840e-08 1.3165076e-08 1.3076920e-08 1.2986513e-08 1.2893997e-08 1.2799507e-08 1.2703175e-08 1.2605130e-08 1.2505497e-08 1.2404396e-08 1.2301945e-08 1.2198257e-08 1.2093441e-08 1.1987605e-08 1.1880849e-08 1.1773274e-08 1.1664973e-08 1.1556039e-08 1.1446560e-08 1.1336621e-08 1.1226302e-08 1.1115683e-08 1.1004839e-08 1.0893840e-08 1.0782756e-08 1.0671653e-08 1.0560594e-08 1.0449638e-08 1.0338843e-08 1.0228263e-08 1.0117951e-08 1.0007955e-08 9.8983229e-09 9.7890986e-09 9.6803244e-09 9.5720402e-09
1.3612180e-08 1.3585019e-08 1.3553175e-08 1.3516819e-08 1.3476120e-08 1.3431245e-08 1.3382363e-08 1.3329636e-08 1.3273230e-08 1.3213304e-08 1.3150018e-08 1.3083527e-08 1.3013985e-08 1.2941543e-08 1.2866349e-08 1.2788548e-08 1.2708280e-08 1.2625685e-08 1.2540898e-08 1.2454050e-08 1.2365270e-08 1.2274683e-08 1.2182410e-08 1.2088569e-08 1.1993276e-08 1.1896641e-08 1.1798772e-08 1.1699773e-08 1.1599746e-08 1.1498787e-08 1.1396991e-08 1.1294449e-08 1.1191248e-08 1.1087473e-08 1.0983206e-08 1.0878523e-08 1.0773501e-08 1.0668211e-08 1.0562722e-08 1.0457102e-08 1.0351413e-08 1.0245716e-08 1.0140069e-08 1.0034528e-08 9.9291450e-09 9.8239715e-09 9.7190550e-09 9.6144414e-09 9.5101740e-09 9.4062940e-09
1.3127562e-08 1.3108031e-08 1.3083879e-08 1.3055262e-08 1.3022338e-08 1.2985265e-08 1.2944200e-08 1.2899296e-08 1.2850709e-08 1.2798591e-08 1.2743092e-08 1.2684360e-08 1.2622542e-08 1.2557782e-08 1.2490220e-08 1.2419997e-08 1.2347247e-08 1.2272104e-08 1.2194699e-08 1.2115158e-08 1.2033607e-08 1.1950166e-08 1.1864953e-08 1.1778084e-08 1.1689671e-08 1.1599821e-08 1.1508642e-08 1.1416234e-08 1.1322697e-08 1.1228127e-08 1.1132618e-08 1.1036258e-08 1.0939135e-08 1.0841333e-08 1.0742932e-08 1.0644010e-08 1.0544642e-08 1.0444900e-08 1.0344853e-08 1.0244569e-08 1.0144111e-08 1.0043539e-08 9.9429140e-09 9.8422907e-09 9.7417231e-09 9.6412627e-09 9.5409583e-09 9.4408568e-09 9.3410026e-09 9.2414381e-09
1.2657752e-08 1.2645315e-08 1.2628326e-08 1.2606932e-08 1.2581279e-08 1.2551514e-08 1.2517784e-08 1.2480234e-08 1.2439010e-08 1.2394253e-08 1.2346108e-08 1.2294714e-08 1.2240211e-08 1.2182735e-08 1.2122421e-08 1.2059403e-08 1.1993809e-08 1.1925769e-08 1.1855408e-08 1.1782848e-08 1.1708209e-08 1.1631609e-08 1.1553163e-08 1.1472982e-08 1.1391175e-08 1.1307848e-08 1.1223104e-08 1.1137044e-08 1.1049764e-08 1.0961358e-08 1.0871919e-08 1.0781535e-08 1.0690291e-08 1.0598270e-08 1.0505553e-08 1.0412217e-08 1.0318336e-08 1.0223982e-08 1.0129225e-08 1.0034130e-08 9.9387631e-09 9.8431844e-09 9.7474534e-09 9.6516268e-09 9.5557588e-09 9.4599014e-09 9.3641045e-09 9.2684156e-09 9.1728801e-09 9.0775412e-09
