Pycode/rasters/asc_loose_final/q250.asc
ncols 544
nrows 544
xllcenter 77675.65
yllcenter 235800.31
cellsize 5
nodata_value -9999
[rows 440 to 461 of 544, columns 400 to 449 of 544]
9.6723139e-10 9.7967468e-10 9.9199653e-10 1.0041920e-09 1.0162565e-09 1.0281852e-09 1.0399738e-09 1.0516179e-09 1.0631132e-09 1.0744558e-09 1.0856418e-09 1.0966673e-09 1.1075287e-09 1.1182227e-09 1.1287458e-09 1.1390949e-09 1.1492669e-09 1.1592590e-09 1.1690684e-09 1.1786926e-09 1.1881292e-09 1.1973758e-09 1.2064302e-09 1.2152906e-09 1.2239550e-09 1.2324217e-09 1.2406892e-09 1.2487561e-09 1.2566210e-09 1.2642828e-09 1.2717404e-09 1.2789931e-09 1.2860400e-09 1.2928805e-09 1.2995142e-09 1.3059406e-09 1.3121594e-09 1.3181707e-09 1.3239743e-09 1.3295704e-09 1.3349591e-09 1.3401408e-09 1.3451160e-09 1.3498851e-09 1.3544489e-09 1.3588080e-09 1.3629632e-09 1.3669156e-09 1.3706660e-09 1.3742158e-09
9.3808917e-10 9.5038445e-10 9.6256661e-10 9.7463079e-10 9.8657223e-10 9.9838634e-10 1.0100686e-09 1.0216147e-09 1.0330204e-09 1.0442817e-09 1.0553945e-09 1.0663550e-09 1.0771597e-09 1.0878050e-09 1.0982874e-09 1.1086038e-09 1.1187511e-09 1.1287262e-09 1.1385265e-09 1.1481491e-09 1.1575917e-09 1.1668517e-09 1.1759270e-09 1.1848155e-09 1.1935152e-09 1.2020242e-09 1.2103410e-09 1.2184638e-09 1.2263915e-09 1.2341226e-09 1.2416560e-09 1.2489907e-09 1.2561259e-09 1.2630607e-09 1.2697945e-09 1.2763269e-09 1.2826574e-09 1.2887858e-09 1.2947119e-09 1.3004356e-09 1.3059572e-09 1.3112766e-09 1.3163943e-09 1.3213106e-09 1.3260259e-09 1.3305410e-09 1.3348565e-09 1.3389732e-09 1.3428919e-09 1.3466136e-09
9.0974361e-10 9.2188674e-10 9.3392479e-10 9.4585294e-10 9.5766645e-10 9.6936072e-10 9.8093126e-10 9.9237371e-10 1.0036838e-09 1.0148575e-09 1.0258909e-09 1.0367799e-09 1.0475211e-09 1.0581107e-09 1.0685453e-09 1.0788217e-09 1.0889367e-09 1.0988873e-09 1.1086705e-09 1.1182837e-09 1.1277241e-09 1.1369894e-09 1.1460773e-09 1.1549854e-09 1.1637118e-09 1.1722546e-09 1.1806118e-09 1.1887820e-09 1.1967635e-09 1.2045550e-09 1.2121552e-09 1.2195629e-09 1.2267772e-09 1.2337972e-09 1.2406221e-09 1.2472513e-09 1.2536843e-09 1.2599206e-09 1.2659600e-09 1.2718022e-09 1.2774474e-09 1.2828954e-09 1.2881464e-09 1.2932007e-09 1.2980586e-09 1.3027207e-09 1.3071874e-09 1.3114594e-09 1.3155374e-09 1.3194222e-09
8.8217639e-10 8.9416361e-10 9.0605354e-10 9.1784138e-10 9.2952240e-10 9.4109202e-10 9.5254577e-10 9.6387928e-10 9.7508831e-10 9.8616875e-10 9.9711660e-10 1.0079280e-09 1.0185992e-09 1.0291266e-09 1.0395067e-09 1.0497362e-09 1.0598118e-09 1.0697305e-09 1.0794893e-09 1.0890854e-09 1.0985162e-09 1.1077789e-09 1.1168713e-09 1.1257911e-09 1.1345361e-09 1.1431042e-09 1.1514937e-09 1.1597026e-09 1.1677295e-09 1.1755728e-09 1.1832311e-09 1.1907032e-09 1.1979879e-09 1.2050843e-09 1.2119915e-09 1.2187086e-09 1.2252351e-09 1.2315705e-09 1.2377142e-09 1.2436661e-09 1.2494259e-09 1.2549935e-09 1.2603690e-09 1.2655525e-09 1.2705441e-09 1.2753443e-09 1.2799534e-09 1.2843720e-09 1.2886006e-09 1.2926400e-09
8.5536949e-10 8.6719742e-10 8.7893558e-10 8.9057919e-10 9.0212356e-10 9.1356412e-10 9.2489640e-10 9.3611607e-10 9.4721886e-10 9.5820068e-10 9.6905749e-10 9.7978543e-10 9.9038073e-10 1.0008397e-09 1.0111589e-09 1.0213350e-09 1.0313645e-09 1.0412445e-09 1.0509718e-09 1.0605437e-09 1.0699574e-09 1.0792101e-09 1.0882995e-09 1.0972232e-09 1.1059790e-09 1.1145646e-09 1.1229782e-09 1.1312179e-09 1.1392820e-09 1.1471688e-09 1.1548769e-09 1.1624050e-09 1.1697517e-09 1.1769160e-09 1.1838968e-09 1.1906934e-09 1.1973049e-09 1.2037306e-09 1.2099702e-09 1.2160230e-09 1.2218888e-09 1.2275675e-09 1.2330588e-09 1.2383628e-09 1.2434795e-09 1.2484093e-09 1.2531522e-09 1.2577088e-09 1.2620796e-09 1.2662649e-09
8.2930513e-10 8.4097077e-10 8.5255387e-10 8.6404969e-10 8.7545360e-10 8.8676104e-10 8.9796757e-10 9.0906885e-10 9.2006066e-10 9.3093886e-10 9.4169944e-10 9.5233852e-10 9.6285229e-10 9.7323711e-10 9.8348943e-10 9.9360581e-10 1.0035830e-09 1.0134177e-09 1.0231069e-09 1.0326477e-09 1.0420373e-09 1.0512730e-09 1.0603522e-09 1.0692725e-09 1.0780315e-09 1.0866271e-09 1.0950572e-09 1.1033199e-09 1.1114133e-09 1.1193357e-09 1.1270856e-09 1.1346615e-09 1.1420621e-09 1.1492861e-09 1.1563325e-09 1.1632002e-09 1.1698883e-09 1.1763962e-09 1.1827231e-09 1.1888686e-09 1.1948321e-09 1.2006133e-09 1.2062121e-09 1.2116283e-09 1.2168617e-09 1.2219127e-09 1.2267812e-09 1.2314675e-09 1.2359721e-09 1.2402952e-09
8.0396585e-10 8.1546650e-10 8.2689159e-10 8.3823643e-10 8.4949642e-10 8.6066704e-10 8.7174388e-10 8.8272261e-10 8.9359901e-10 9.0436898e-10 9.1502849e-10 9.2557365e-10 9.3600066e-10 9.4630585e-10 9.5648563e-10 9.6653657e-10 9.7645531e-10 9.8623864e-10 9.9588345e-10 1.0053868e-09 1.0147457e-09 1.0239575e-09 1.0330196e-09 1.0419295e-09 1.0506847e-09 1.0592830e-09 1.0677222e-09 1.0760004e-09 1.0841156e-09 1.0920661e-09 1.0998501e-09 1.1074661e-09 1.1149128e-09 1.1221886e-09 1.1292925e-09 1.1362234e-09 1.1429802e-09 1.1495622e-09 1.1559684e-09 1.1621984e-09 1.1682515e-09 1.1741272e-09 1.1798253e-09 1.1853455e-09 1.1906876e-09 1.1958516e-09 1.2008375e-09 1.2056455e-09 1.2102758e-09 1.2147288e-09
7.7933443e-10 7.9066773e-10 8.0193220e-10 8.1312319e-10 8.2423614e-10 8.3526658e-10 8.4621011e-10 8.5706245e-10 8.6781940e-10 8.7847685e-10 8.8903080e-10 8.9947735e-10 9.0981270e-10 9.2003315e-10 9.3013513e-10 9.4011515e-10 9.4996985e-10 9.5969598e-10 9.6929040e-10 9.7875007e-10 9.8807210e-10 9.9725367e-10 1.0062921e-09 1.0151848e-09 1.0239294e-09 1.0325235e-09 1.0409649e-09 1.0492516e-09 1.0573814e-09 1.0653525e-09 1.0731633e-09 1.0808120e-09 1.0882971e-09 1.0956173e-09 1.1027711e-09 1.1097574e-09 1.1165752e-09 1.1232234e-09 1.1297012e-09 1.1360079e-09 1.1421426e-09 1.1481050e-09 1.1538945e-09 1.1595108e-09 1.1649537e-09 1.1702229e-09 1.1753184e-09 1.1802402e-09 1.1849884e-09 1.1895633e-09
7.5539395e-10 7.6655785e-10 7.7765939e-10 7.8869397e-10 7.9965708e-10 8.1054429e-10 8.2135126e-10 8.3207371e-10 8.4270747e-10 8.5324846e-10 8.6369269e-10 8.7403626e-10 8.8427538e-10 8.9440635e-10 9.0442557e-10 9.1432955e-10 9.2411491e-10 9.3377837e-10 9.4331676e-10 9.5272701e-10 9.6200617e-10 9.7115140e-10 9.8015997e-10 9.8902926e-10 9.9775676e-10 1.0063401e-09 1.0147769e-09 1.0230652e-09 1.0312027e-09 1.0391876e-09 1.0470180e-09 1.0546922e-09 1.0622086e-09 1.0695657e-09 1.0767621e-09 1.0837966e-09 1.0906678e-09 1.0973748e-09 1.1039166e-09 1.1102923e-09 1.1165012e-09 1.1225426e-09 1.1284159e-09 1.1341207e-09 1.1396566e-09 1.1450234e-09 1.1502208e-09 1.1552488e-09 1.1601073e-09 1.1647965e-09
7.3212775e-10 7.4312050e-10 7.5405710e-10 7.6493302e-10 7.7574380e-10 7.8648506e-10 7.9715249e-10 8.0774186e-10 8.1824903e-10 8.2866994e-10 8.3900061e-10 8.4923716e-10 8.5937581e-10 8.6941286e-10 8.7934470e-10 8.8916784e-10 8.9887888e-10 9.0847453e-10 9.1795157e-10 9.2730693e-10 9.3653762e-10 9.4564075e-10 9.5461355e-10 9.6345336e-10 9.7215762e-10 9.8072387e-10 9.8914978e-10 9.9743312e-10 1.0055718e-09 1.0135637e-09 1.0214070e-09 1.0290999e-09 1.0366406e-09 1.0440277e-09 1.0512596e-09 1.0583349e-09 1.0652525e-09 1.0720110e-09 1.0786095e-09 1.0850470e-09 1.0913227e-09 1.0974357e-09 1.1033854e-09 1.1091713e-09 1.1147929e-09 1.1202498e-09 1.1255416e-09 1.1306683e-09 1.1356297e-09 1.1404258e-09
7.0951949e-10 7.2033961e-10 7.3110954e-10 7.4182484e-10 7.5248108e-10 7.6307395e-10 7.7359918e-10 7.8405259e-10 7.9443006e-10 8.0472757e-10 8.1494115e-10 8.2506696e-10 8.3510121e-10 8.4504021e-10 8.5488037e-10 8.6461819e-10 8.7425024e-10 8.8377323e-10 8.9318394e-10 9.0247926e-10 9.1165616e-10 9.2071174e-10 9.2964318e-10 9.3844778e-10 9.4712294e-10 9.5566616e-10 9.6407503e-10 9.7234729e-10 9.8048073e-10 9.8847328e-10 9.9632297e-10 1.0040279e-09 1.0115864e-09 1.0189967e-09 1.0262573e-09 1.0333667e-09 1.0403236e-09 1.0471267e-09 1.0537749e-09 1.0602671e-09 1.0666024e-09 1.0727800e-09 1.0787990e-09 1.0846588e-09 1.0903588e-09 1.0958986e-09 1.1012777e-09 1.1064959e-09 1.1115530e-09 1.1164488e-09
6.8755307e-10 6.9819934e-10 7.0880117e-10 7.1935414e-10 7.2985393e-10 7.4029626e-10 7.5067692e-10 7.6099177e-10 7.7123672e-10 7.8140780e-10 7.9150107e-10 8.0151270e-10 8.1143892e-10 8.2127607e-10 8.3102054e-10 8.4066884e-10 8.5021755e-10 8.5966336e-10 8.6900304e-10 8.7823345e-10 8.8735157e-10 8.9635444e-10 9.0523923e-10 9.1400320e-10 9.2264371e-10 9.3115820e-10 9.3954425e-10 9.4779950e-10 9.5592173e-10 9.6390880e-10 9.7175866e-10 9.7946939e-10 9.8703915e-10 9.9446622e-10 1.0017490e-09 1.0088858e-09 1.0158754e-09 1.0227164e-09 1.0294076e-09 1.0359477e-09 1.0423358e-09 1.0485710e-09 1.0546523e-09 1.0605791e-09 1.0663506e-09 1.0719663e-09 1.0774257e-09 1.0827285e-09 1.0878742e-09 1.0928627e-09
6.6621270e-10 6.7668417e-10 6.8711668e-10 6.9750592e-10 7.0784759e-10 7.1813750e-10 7.2837148e-10 7.3854544e-10 7.4865536e-10 7.5869727e-10 7.6866728e-10 7.7856158e-10 7.8837644e-10 7.9810819e-10 8.0775326e-10 8.1730815e-10 8.2676946e-10 8.3613385e-10 8.4539810e-10 8.5455905e-10 8.6361367e-10 8.7255898e-10 8.8139211e-10 8.9011031e-10 8.9871089e-10 9.0719127e-10 9.1554897e-10 9.2378161e-10 9.3188689e-10 9.3986262e-10 9.4770673e-10 9.5541720e-10 9.6299216e-10 9.7042980e-10 9.7772843e-10 9.8488644e-10 9.9190233e-10 9.9877470e-10 1.0055022e-09 1.0120837e-09 1.0185180e-09 1.0248042e-09 1.0309411e-09 1.0369281e-09 1.0427644e-09 1.0484493e-09 1.0539822e-09 1.0593627e-09 1.0645903e-09 1.0696647e-09
6.4548287e-10 6.5577881e-10 6.6604106e-10 6.7626537e-10 6.8644753e-10 6.9658340e-10 7.0666886e-10 7.1669988e-10 7.2667249e-10 7.3658276e-10 7.4642684e-10 7.5620095e-10 7.6590138e-10 7.7552450e-10 7.8506673e-10 7.9452460e-10 8.0389471e-10 8.1317373e-10 8.2235842e-10 8.3144565e-10 8.4043233e-10 8.4931550e-10 8.5809227e-10 8.6675983e-10 8.7531550e-10 8.8375665e-10 8.9208077e-10 9.0028542e-10 9.0836829e-10 9.1632713e-10 9.2415981e-10 9.3186427e-10 9.3943856e-10 9.4688084e-10 9.5418934e-10 9.6136239e-10 9.6839843e-10 9.7529597e-10 9.8205363e-10 9.8867013e-10 9.9514426e-10 1.0014749e-09 1.0076611e-09 1.0137019e-09 1.0195964e-09 1.0253439e-09 1.0309437e-09 1.0363953e-09 1.0416982e-09 1.0468519e-09
6.2534834e-10 6.3546826e-10 6.4555953e-10 6.5561798e-10 6.6563946e-10 6.7561990e-10 6.8555525e-10 6.9544154e-10 7.0527482e-10 7.1505124e-10 7.2476698e-10 7.3441830e-10 7.4400151e-10 7.5351300e-10 7.6294923e-10 7.7230675e-10 7.8158214e-10 7.9077211e-10 7.9987341e-10 8.0888290e-10 8.1779750e-10 8.2661422e-10 8.3533017e-10 8.4394252e-10 8.5244856e-10 8.6084563e-10 8.6913120e-10 8.7730279e-10 8.8535805e-10 8.9329469e-10 9.0111053e-10 9.0880347e-10 9.1637151e-10 9.2381274e-10 9.3112535e-10 9.3830760e-10 9.4535787e-10 9.5227461e-10 9.5905636e-10 9.6570178e-10 9.7220958e-10 9.7857859e-10 9.8480772e-10 9.9089596e-10 9.9684239e-10 1.0026462e-09 1.0083066e-09 1.0138230e-09 1.0191947e-09 1.0244214e-09
6.0579416e-10 6.1573779e-10 6.2565758e-10 6.3554944e-10 6.4540931e-10 6.5523318e-10 6.6501707e-10 6.7475705e-10 6.8444926e-10 6.9408987e-10 7.0367511e-10 7.1320127e-10 7.2266472e-10 7.3206187e-10 7.4138920e-10 7.5064327e-10 7.5982071e-10 7.6891821e-10 7.7793254e-10 7.8686055e-10 7.9569917e-10 8.0444541e-10 8.1309636e-10 8.2164918e-10 8.3010113e-10 8.3844954e-10 8.4669185e-10 8.5482555e-10 8.6284826e-10 8.7075765e-10 8.7855150e-10 8.8622767e-10 8.9378412e-10 9.0121887e-10 9.0853007e-10 9.1571593e-10 9.2277475e-10 9.2970495e-10 9.3650499e-10 9.4317346e-10 9.4970902e-10 9.5611041e-10 9.6237648e-10 9.6850614e-10 9.7449841e-10 9.8035237e-10 9.8606721e-10 9.9164217e-10 9.9707660e-10 1.0023699e-09
5.8680567e-10 5.9657293e-10 6.0632094e-10 6.1604572e-10 6.2574327e-10 6.3540964e-10 6.4504094e-10 6.5463329e-10 6.6418289e-10 6.7368596e-10 6.8313878e-10 6.9253769e-10 7.0187908e-10 7.1115941e-10 7.2037518e-10 7.2952299e-10 7.3859946e-10 7.4760133e-10 7.5652536e-10 7.6536842e-10 7.7412743e-10 7.8279941e-10 7.9138142e-10 7.9987064e-10 8.0826430e-10 8.1655973e-10 8.2475432e-10 8.3284557e-10 8.4083104e-10 8.4870838e-10 8.5647534e-10 8.6412974e-10 8.7166948e-10 8.7909257e-10 8.8639708e-10 8.9358118e-10 9.0064314e-10 9.0758128e-10 9.1439404e-10 9.2107992e-10 9.2763754e-10 9.3406557e-10 9.4036278e-10 9.4652803e-10 9.5256025e-10 9.5845846e-10 9.6422176e-10 9.6984934e-10 9.7534045e-10 9.8069445e-10
5.6836849e-10 5.7795948e-10 5.8753563e-10 5.9709302e-10 6.0662773e-10 6.1613590e-10 6.2561369e-10 6.3505731e-10 6.4446299e-10 6.5382701e-10 6.6314573e-10 6.7241550e-10 6.8163278e-10 6.9079405e-10 6.9989586e-10 7.0893481e-10 7.1790757e-10 7.2681088e-10 7.3564154e-10 7.4439641e-10 7.5307242e-10 7.6166659e-10 7.7017600e-10 7.7859780e-10 7.8692923e-10 7.9516759e-10 8.0331026e-10 8.1135472e-10 8.1929851e-10 8.2713925e-10 8.3487465e-10 8.4250251e-10 8.5002069e-10 8.5742716e-10 8.6471994e-10 8.7189716e-10 8.7895704e-10 8.8589785e-10 8.9271797e-10 8.9941586e-10 9.0599007e-10 9.1243920e-10 9.1876197e-10 9.2495717e-10 9.3102366e-10 9.3696041e-10 9.4276643e-10 9.4844084e-10 9.5398283e-10 9.5939167e-10
5.5046850e-10 5.5988353e-10 5.6928790e-10 5.7867779e-10 5.8804935e-10 5.9739881e-10 6.0672239e-10 6.1601636e-10 6.2527703e-10 6.3450073e-10 6.4368387e-10 6.5282286e-10 6.6191419e-10 6.7095439e-10 6.7994004e-10 6.8886779e-10 6.9773432e-10 7.0653639e-10 7.1527082e-10 7.2393450e-10 7.3252437e-10 7.4103745e-10 7.4947081e-10 7.5782161e-10 7.6608709e-10 7.7426454e-10 7.8235132e-10 7.9034490e-10 7.9824280e-10 8.0604262e-10 8.1374205e-10 8.2133884e-10 8.2883083e-10 8.3621595e-10 8.4349219e-10 8.5065763e-10 8.5771045e-10 8.6464887e-10 8.7147123e-10 8.7817593e-10 8.8476145e-10 8.9122637e-10 8.9756933e-10 9.0378905e-10 9.0988435e-10 9.1585412e-10 9.2169730e-10 9.2741296e-10 9.3300021e-10 9.3845824e-10
5.3309188e-10 5.4233141e-10 5.5156428e-10 5.6078673e-10 5.6999502e-10 5.7918544e-10 5.8835429e-10 5.9749792e-10 6.0661268e-10 6.1569499e-10 6.2474128e-10 6.3374805e-10 6.4271181e-10 6.5162915e-10 6.6049669e-10 6.6931109e-10 6.7806909e-10 6.8676747e-10 6.9540307e-10 7.0397279e-10 7.1247359e-10 7.2090250e-10 7.2925661e-10 7.3753308e-10 7.4572913e-10 7.5384205e-10 7.6186921e-10 7.6980806e-10 7.7765609e-10 7.8541091e-10 7.9307015e-10 8.0063157e-10 8.0809297e-10 8.1545224e-10 8.2270735e-10 8.2985634e-10 8.3689733e-10 8.4382853e-10 8.5064821e-10 8.5735473e-10 8.6394653e-10 8.7042212e-10 8.7678009e-10 8.8301912e-10 8.8913796e-10 8.9513542e-10 9.0101042e-10 9.0676192e-10 9.1238900e-10 9.1789077e-10
5.1622508e-10 5.2528973e-10 5.3435152e-10 5.4340678e-10 5.5245185e-10 5.6148309e-10 5.7049689e-10 5.7948965e-10 5.8845781e-10 5.9739784e-10 6.0630623e-10 6.1517954e-10 6.2401433e-10 6.3280722e-10 6.4155488e-10 6.5025403e-10 6.5890142e-10 6.6749387e-10 6.7602823e-10 6.8450145e-10 6.9291049e-10 7.0125239e-10 7.0952427e-10 7.1772327e-10 7.2584663e-10 7.3389165e-10 7.4185568e-10 7.4973615e-10 7.5753057e-10 7.6523651e-10 7.7285160e-10 7.8037356e-10 7.8780019e-10 7.9512933e-10 8.0235894e-10 8.0948701e-10 8.1651164e-10 8.2343098e-10 8.3024328e-10 8.3694685e-10 8.4354007e-10 8.5002143e-10 8.5638945e-10 8.6264276e-10 8.6878005e-10 8.7480009e-10 8.8070173e-10 8.8648388e-10 8.9214554e-10 8.9768577e-10
4.9985481e-10 5.0874536e-10 5.1763667e-10 5.2652514e-10 5.3540720e-10 5.4427929e-10 5.5313788e-10 5.6197944e-10 5.7080048e-10 5.7959754e-10 5.8836716e-10 5.9710596e-10 6.0581056e-10 6.1447762e-10 6.2310386e-10 6.3168604e-10 6.4022095e-10 6.4870543e-10 6.5713638e-10 6.6551075e-10 6.7382554e-10 6.8207782e-10 6.9026468e-10 6.9838332e-10 7.0643096e-10 7.1440489e-10 7.2230250e-10 7.3012118e-10 7.3785846e-10 7.4551187e-10 7.5307905e-10 7.6055769e-10 7.6794557e-10 7.7524053e-10 7.8244047e-10 7.8954337e-10 7.9654729e-10 8.0345036e-10 8.1025078e-10 8.1694682e-10 8.2353684e-10 8.3001925e-10 8.3639255e-10 8.4265531e-10 8.4880617e-10 8.5484386e-10 8.6076715e-10 8.6657492e-10 8.7226610e-10 8.7783969e-10
