Pycode/rasters/asc_loose_final/q250.asc
ncols 544
nrows 544
xllcenter 77675.65
yllcenter 235800.31
cellsize 5
nodata_value -9999
[rows 154 to 175 of 544, columns 250 to 299 of 544]
4.9788822e-08 5.0116658e-08 5.0430714e-08 5.0730817e-08 5.1016834e-08 5.1288679e-08 5.1546310e-08 5.1789731e-08 5.2018995e-08 5.2234201e-08 5.2435495e-08 5.2623070e-08 5.2797167e-08 5.2958071e-08 5.3106110e-08 5.3241656e-08 5.3365121e-08 5.3476953e-08 5.3577638e-08 5.3667691e-08 5.3747660e-08 5.3818114e-08 5.3879646e-08 5.3932866e-08 5.3978399e-08 5.4016876e-08 5.4048935e-08 5.4075213e-08 5.4096345e-08 5.4112954e-08 5.4125652e-08 5.4135033e-08 5.4141668e-08 5.4146105e-08 5.4148859e-08 5.4150414e-08 5.4151216e-08 5.4151672e-08 5.4152147e-08 5.4152962e-08 5.4154388e-08 5.4156652e-08 5.4159930e-08 5.4164347e-08 5.4169979e-08 5.4176851e-08 5.4184938e-08 5.4194166e-08 5.4204415e-08 5.4215517e-08
5.0933431e-08 5.1276329e-08 5.1605066e-08 5.1919451e-08 5.2219342e-08 5.2504638e-08 5.2775290e-08 5.3031295e-08 5.3272700e-08 5.3499600e-08 5.3712143e-08 5.3910522e-08 5.4094981e-08 5.4265810e-08 5.4423347e-08 5.4567972e-08 5.4700107e-08 5.4820215e-08 5.4928794e-08 5.5026375e-08 5.5113521e-08 5.5190819e-08 5.5258880e-08 5.5318331e-08 5.5369815e-08 5.5413981e-08 5.5451484e-08 5.5482979e-08 5.5509115e-08 5.5530532e-08 5.5547854e-08 5.5561688e-08 5.5572617e-08 5.5581194e-08 5.5587945e-08 5.5593355e-08 5.5597876e-08 5.5601914e-08 5.5605833e-08 5.5609948e-08 5.5614526e-08 5.5619786e-08 5.5625891e-08 5.5632956e-08 5.5641043e-08 5.5650159e-08 5.5660262e-08 5.5671261e-08 5.5683014e-08 5.5695331e-08
5.2112735e-08 5.2471426e-08 5.2815566e-08 5.3144947e-08 5.3459412e-08 5.3758850e-08 5.4043199e-08 5.4312451e-08 5.4566645e-08 5.4805875e-08 5.5030286e-08 5.5240073e-08 5.5435484e-08 5.5616813e-08 5.5784406e-08 5.5938653e-08 5.6079986e-08 5.6208881e-08 5.6325850e-08 5.6431441e-08 5.6526232e-08 5.6610827e-08 5.6685856e-08 5.6751962e-08 5.6809807e-08 5.6860059e-08 5.6903389e-08 5.6940470e-08 5.6971966e-08 5.6998532e-08 5.7020805e-08 5.7039405e-08 5.7054923e-08 5.7067923e-08 5.7078934e-08 5.7088449e-08 5.7096919e-08 5.7104750e-08 5.7112304e-08 5.7119890e-08 5.7127770e-08 5.7136151e-08 5.7145186e-08 5.7154975e-08 5.7165565e-08 5.7176947e-08 5.7189060e-08 5.7201792e-08 5.7214979e-08 5.7228411e-08
5.3328043e-08 5.3703299e-08 5.4063603e-08 5.4408732e-08 5.4738512e-08 5.5052819e-08 5.5351582e-08 5.5634781e-08 5.5902452e-08 5.6154684e-08 5.6391620e-08 5.6613457e-08 5.6820444e-08 5.7012883e-08 5.7191126e-08 5.7355571e-08 5.7506663e-08 5.7644891e-08 5.7770780e-08 5.7884894e-08 5.7987828e-08 5.8080203e-08 5.8162666e-08 5.8235881e-08 5.8300525e-08 5.8357285e-08 5.8406850e-08 5.8449909e-08 5.8487143e-08 5.8519220e-08 5.8546792e-08 5.8570487e-08 5.8590909e-08 5.8608628e-08 5.8624179e-08 5.8638058e-08 5.8650716e-08 5.8662560e-08 5.8673946e-08 5.8685178e-08 5.8696510e-08 5.8708136e-08 5.8720199e-08 5.8732784e-08 5.8745919e-08 5.8759578e-08 5.8773679e-08 5.8788090e-08 5.8802624e-08 5.8817047e-08
5.4580726e-08 5.4973359e-08 5.5350631e-08 5.5712301e-08 5.6058177e-08 5.6388123e-08 5.6702055e-08 5.6999945e-08 5.7281820e-08 5.7547766e-08 5.7797924e-08 5.8032491e-08 5.8251719e-08 5.8455914e-08 5.8645437e-08 5.8820694e-08 5.8982143e-08 5.9130284e-08 5.9265657e-08 5.9388841e-08 5.9500449e-08 5.9601119e-08 5.9691515e-08 5.9772320e-08 5.9844230e-08 5.9907949e-08 5.9964184e-08 6.0013640e-08 6.0057013e-08 6.0094986e-08 6.0128223e-08 6.0157365e-08 6.0183022e-08 6.0205772e-08 6.0226156e-08 6.0244670e-08 6.0261767e-08 6.0277850e-08 6.0293271e-08 6.0308327e-08 6.0323261e-08 6.0338257e-08 6.0353442e-08 6.0368884e-08 6.0384596e-08 6.0400530e-08 6.0416584e-08 6.0432601e-08 6.0448373e-08 6.0463641e-08
5.5872215e-08 5.6283082e-08 5.6678170e-08 5.7057217e-08 5.7420016e-08 5.7766414e-08 5.8096315e-08 5.8409681e-08 5.8706531e-08 5.8986947e-08 5.9251065e-08 5.9499084e-08 5.9731258e-08 5.9947898e-08 6.0149371e-08 6.0336094e-08 6.0508535e-08 6.0667207e-08 6.0812664e-08 6.0945503e-08 6.1066350e-08 6.1175864e-08 6.1274725e-08 6.1363635e-08 6.1443309e-08 6.1514467e-08 6.1577834e-08 6.1634132e-08 6.1684071e-08 6.1728349e-08 6.1767642e-08 6.1802600e-08 6.1833842e-08 6.1861953e-08 6.1887476e-08 6.1910909e-08 6.1932705e-08 6.1953262e-08 6.1972926e-08 6.1991986e-08 6.2010673e-08 6.2029158e-08 6.2047553e-08 6.2065909e-08 6.2084217e-08 6.2102409e-08 6.2120362e-08 6.2137893e-08 6.2154771e-08 6.2170712e-08
5.7204009e-08 5.7634013e-08 5.8047811e-08 5.8445120e-08 5.8825714e-08 5.9189424e-08 5.9536141e-08 5.9865814e-08 6.0178457e-08 6.0474141e-08 6.0753004e-08 6.1015241e-08 6.1261111e-08 6.1490927e-08 6.1705064e-08 6.1903948e-08 6.2088058e-08 6.2257919e-08 6.2414102e-08 6.2557216e-08 6.2687907e-08 6.2806850e-08 6.2914744e-08 6.3012308e-08 6.3100275e-08 6.3179384e-08 6.3250377e-08 6.3313990e-08 6.3370951e-08 6.3421968e-08 6.3467729e-08 6.3508895e-08 6.3546093e-08 6.3579910e-08 6.3610894e-08 6.3639544e-08 6.3666308e-08 6.3691581e-08 6.3715700e-08 6.3738946e-08 6.3761536e-08 6.3783627e-08 6.3805312e-08 6.3826626e-08 6.3847536e-08 6.3867955e-08 6.3887732e-08 6.3906663e-08 6.3924488e-08 6.3940898e-08
5.8577677e-08 5.9027770e-08 5.9461221e-08 5.9877726e-08 6.0277037e-08 6.0658970e-08 6.1023398e-08 6.1370260e-08 6.1699559e-08 6.2011362e-08 6.2305801e-08 6.2583072e-08 6.2843433e-08 6.3087203e-08 6.3314763e-08 6.3526548e-08 6.3723048e-08 6.3904801e-08 6.4072391e-08 6.4226445e-08 6.4367624e-08 6.4496621e-08 6.4614152e-08 6.4720956e-08 6.4817783e-08 6.4905388e-08 6.4984532e-08 6.5055966e-08 6.5120430e-08 6.5178647e-08 6.5231315e-08 6.5279104e-08 6.5322646e-08 6.5362534e-08 6.5399317e-08 6.5433492e-08 6.5465504e-08 6.5495742e-08 6.5524534e-08 6.5552148e-08 6.5578789e-08 6.5604596e-08 6.5629645e-08 6.5653948e-08 6.5677452e-08 6.5700045e-08 6.5721551e-08 6.5741740e-08 6.5760325e-08 6.5776969e-08
5.9994860e-08 6.0466047e-08 6.0920148e-08 6.1356834e-08 6.1775838e-08 6.2176955e-08 6.2560043e-08 6.2925027e-08 6.3271901e-08 6.3600724e-08 6.3911623e-08 6.4204792e-08 6.4480490e-08 6.4739042e-08 6.4980833e-08 6.5206308e-08 6.5415966e-08 6.5610359e-08 6.5790085e-08 6.5955787e-08 6.6108141e-08 6.6247858e-08 6.6375673e-08 6.6492342e-08 6.6598631e-08 6.6695316e-08 6.6783170e-08 6.6862960e-08 6.6935442e-08 6.7001348e-08 6.7061388e-08 6.7116237e-08 6.7166535e-08 6.7212878e-08 6.7255812e-08 6.7295834e-08 6.7333384e-08 6.7368843e-08 6.7402528e-08 6.7434694e-08 6.7465529e-08 6.7495156e-08 6.7523630e-08 6.7550941e-08 6.7577013e-08 6.7601706e-08 6.7624821e-08 6.7646097e-08 6.7665222e-08 6.7681829e-08
6.1457279e-08 6.1950619e-08 6.2426422e-08 6.2884332e-08 6.3324060e-08 6.3745379e-08 6.4148131e-08 6.4532228e-08 6.4897650e-08 6.5244448e-08 6.5572745e-08 6.5882731e-08 6.6174668e-08 6.6448882e-08 6.6705765e-08 6.6945769e-08 6.7169405e-08 6.7377236e-08 6.7569875e-08 6.7747979e-08 6.7912243e-08 6.8063393e-08 6.8202181e-08 6.8329381e-08 6.8445778e-08 6.8552162e-08 6.8649322e-08 6.8738041e-08 6.8819086e-08 6.8893201e-08 6.8961104e-08 6.9023478e-08 6.9080965e-08 6.9134163e-08 6.9183618e-08 6.9229823e-08 6.9273211e-08 6.9314152e-08 6.9352952e-08 6.9389852e-08 6.9425022e-08 6.9458564e-08 6.9490513e-08 6.9520834e-08 6.9549425e-08 6.9576122e-08 6.9600695e-08 6.9622857e-08 6.9642264e-08 6.9658523e-08
6.2966733e-08 6.3483347e-08 6.3981962e-08 6.4462198e-08 6.4923740e-08 6.5366340e-08 6.5789821e-08 6.6194079e-08 6.6579082e-08 6.6944871e-08 6.7291562e-08 6.7619344e-08 6.7928478e-08 6.8219291e-08 6.8492182e-08 6.8747611e-08 6.8986098e-08 6.9208219e-08 6.9414601e-08 6.9605914e-08 6.9782870e-08 6.9946213e-08 7.0096711e-08 7.0235155e-08 7.0362346e-08 7.0479090e-08 7.0586193e-08 7.0684449e-08 7.0774637e-08 7.0857512e-08 7.0933799e-08 7.1004186e-08 7.1069319e-08 7.1129795e-08 7.1186158e-08 7.1238894e-08 7.1288428e-08 7.1335119e-08 7.1379260e-08 7.1421073e-08 7.1460710e-08 7.1498253e-08 7.1533711e-08 7.1567025e-08 7.1598066e-08 7.1626640e-08 7.1652490e-08 7.1675298e-08 7.1694692e-08 7.1710247e-08
6.4525113e-08 6.5066180e-08 6.5588782e-08 6.6092509e-08 6.6577019e-08 6.7042042e-08 6.7487380e-08 6.7912912e-08 6.8318591e-08 6.8704449e-08 6.9070595e-08 6.9417213e-08 6.9744562e-08 7.0052974e-08 7.0342851e-08 7.0614659e-08 7.0868930e-08 7.1106250e-08 7.1327259e-08 7.1532643e-08 7.1723128e-08 7.1899475e-08 7.2062469e-08 7.2212917e-08 7.2351635e-08 7.2479446e-08 7.2597168e-08 7.2705609e-08 7.2805558e-08 7.2897778e-08 7.2983001e-08 7.3061918e-08 7.3135177e-08 7.3203374e-08 7.3267046e-08 7.3326675e-08 7.3382673e-08 7.3435387e-08 7.3485094e-08 7.3531997e-08 7.3576227e-08 7.3617842e-08 7.3656827e-08 7.3693094e-08 7.3726488e-08 7.3756783e-08 7.3783693e-08 7.3806869e-08 7.3825908e-08 7.3840354e-08
6.6134398e-08 6.6701165e-08 6.7248994e-08 6.7777445e-08 6.8286145e-08 6.8774801e-08 6.9243192e-08 6.9691177e-08 7.0118697e-08 7.0525770e-08 7.0912497e-08 7.1279058e-08 7.1625709e-08 7.1952783e-08 7.2260686e-08 7.2549893e-08 7.2820941e-08 7.3074430e-08 7.3311012e-08 7.3531387e-08 7.3736296e-08 7.3926515e-08 7.4102845e-08 7.4266109e-08 7.4417138e-08 7.4556768e-08 7.4685831e-08 7.4805145e-08 7.4915510e-08 7.5017696e-08 7.5112439e-08 7.5200433e-08 7.5282324e-08 7.5358704e-08 7.5430108e-08 7.5497003e-08 7.5559792e-08 7.5618806e-08 7.5674303e-08 7.5726466e-08 7.5775404e-08 7.5821148e-08 7.5863657e-08 7.5902814e-08 7.5938433e-08 7.5970258e-08 7.5997971e-08 7.6021192e-08 7.6039484e-08 7.6052361e-08
6.7796664e-08 6.8390449e-08 6.8964818e-08 6.9519295e-08 7.0053479e-08 7.0567049e-08 7.1059760e-08 7.1531453e-08 7.1982049e-08 7.2411556e-08 7.2820063e-08 7.3207744e-08 7.3574853e-08 7.3921724e-08 7.4248765e-08 7.4556456e-08 7.4845345e-08 7.5116040e-08 7.5369205e-08 7.5605554e-08 7.5825842e-08 7.6030860e-08 7.6221424e-08 7.6398370e-08 7.6562545e-08 7.6714798e-08 7.6855971e-08 7.6986893e-08 7.7108371e-08 7.7221181e-08 7.7326062e-08 7.7423708e-08 7.7514763e-08 7.7599814e-08 7.7679385e-08 7.7753933e-08 7.7823848e-08 7.7889441e-08 7.7950951e-08 7.8008538e-08 7.8062286e-08 7.8112198e-08 7.8158205e-08 7.8200159e-08 7.8237842e-08 7.8270967e-08 7.8299181e-08 7.8322072e-08 7.8339172e-08 7.8349963e-08
6.9514093e-08 7.0136287e-08 7.0738581e-08 7.1320464e-08 7.1881503e-08 7.2421345e-08 7.2939723e-08 7.3436453e-08 7.3911440e-08 7.4364674e-08 7.4796237e-08 7.5206293e-08 7.5595093e-08 7.5962970e-08 7.6310333e-08 7.6637670e-08 7.6945533e-08 7.7234541e-08 7.7505369e-08 7.7758743e-08 7.7995433e-08 7.8216240e-08 7.8421997e-08 7.8613553e-08 7.8791766e-08 7.8957498e-08 7.9111601e-08 7.9254912e-08 7.9388244e-08 7.9512376e-08 7.9628049e-08 7.9735955e-08 7.9836733e-08 7.9930962e-08 8.0019156e-08 8.0101758e-08 8.0179139e-08 8.0251592e-08 8.0319334e-08 8.0382499e-08 8.0441144e-08 8.0495243e-08 8.0544695e-08 8.0589320e-08 8.0628868e-08 8.0663017e-08 8.0691381e-08 8.0713514e-08 8.0728914e-08 8.0737034e-08
7.1288974e-08 7.1941047e-08 7.2572732e-08 7.3183481e-08 7.3772826e-08 7.4340382e-08 7.4885854e-08 7.5409034e-08 7.5909807e-08 7.6388147e-08 7.6844123e-08 7.7277891e-08 7.7689696e-08 7.8079869e-08 7.8448821e-08 7.8797041e-08 7.9125091e-08 7.9433596e-08 7.9723241e-08 7.9994765e-08 8.0248947e-08 8.0486605e-08 8.0708580e-08 8.0915736e-08 8.1108941e-08 8.1289066e-08 8.1456973e-08 8.1613504e-08 8.1759477e-08 8.1895672e-08 8.2022829e-08 8.2141635e-08 8.2252723e-08 8.2356661e-08 8.2453950e-08 8.2545016e-08 8.2630211e-08 8.2709807e-08 8.2783993e-08 8.2852879e-08 8.2916489e-08 8.2974768e-08 8.3027581e-08 8.3074716e-08 8.3115885e-08 8.3150734e-08 8.3178840e-08 8.3199724e-08 8.3212852e-08 8.3217642e-08
7.3123709e-08 7.3807215e-08 7.4469843e-08 7.5111005e-08 7.5730193e-08 7.6326991e-08 7.6901072e-08 7.7452204e-08 7.7980248e-08 7.8485161e-08 7.8966997e-08 7.9425901e-08 7.9862112e-08 8.0275958e-08 8.0667849e-08 8.1038277e-08 8.1387808e-08 8.1717076e-08 8.2026774e-08 8.2317650e-08 8.2590494e-08 8.2846135e-08 8.3085426e-08 8.3309239e-08 8.3518454e-08 8.3713949e-08 8.3896591e-08 8.4067228e-08 8.4226678e-08 8.4375721e-08 8.4515092e-08 8.4645474e-08 8.4767488e-08 8.4881690e-08 8.4988563e-08 8.5088516e-08 8.5181878e-08 8.5268896e-08 8.5349731e-08 8.5424463e-08 8.5493086e-08 8.5555510e-08 8.5611566e-08 8.5661004e-08 8.5703504e-08 8.5738672e-08 8.5766053e-08 8.5785130e-08 8.5795337e-08 8.5796061e-08
7.5020827e-08 7.5737408e-08 7.6432621e-08 7.7105831e-08 7.7756494e-08 7.8384155e-08 7.8988456e-08 7.9569134e-08 8.0126029e-08 8.0659075e-08 8.1168311e-08 8.1653871e-08 8.2115984e-08 8.2554973e-08 8.2971246e-08 8.3365298e-08 8.3737696e-08 8.4089081e-08 8.4420152e-08 8.4731667e-08 8.5024424e-08 8.5299261e-08 8.5557041e-08 8.5798643e-08 8.6024955e-08 8.6236861e-08 8.6435232e-08 8.6620916e-08 8.6794732e-08 8.6957455e-08 8.7109815e-08 8.7252483e-08 8.7386068e-08 8.7511111e-08 8.7628076e-08 8.7737349e-08 8.7839233e-08 8.7933949e-08 8.8021627e-08 8.8102315e-08 8.8175972e-08 8.8242473e-08 8.8301612e-08 8.8353102e-08 8.8396585e-08 8.8431632e-08 8.8457748e-08 8.8474385e-08 8.8480941e-08 8.8476773e-08
7.6982985e-08 7.7734377e-08 7.8463911e-08 7.9170905e-08 7.9854772e-08 8.0515017e-08 8.1151246e-08 8.1763168e-08 8.2350593e-08 8.2913436e-08 8.3451715e-08 8.3965550e-08 8.4455161e-08 8.4920863e-08 8.5363062e-08 8.5782250e-08 8.6178997e-08 8.6553948e-08 8.6907807e-08 8.7241338e-08 8.7555347e-08 8.7850679e-08 8.8128202e-08 8.8388804e-08 8.8633376e-08 8.8862805e-08 8.9077963e-08 8.9279698e-08 8.9468823e-08 8.9646108e-08 8.9812273e-08 8.9967975e-08 9.0113809e-08 9.0250294e-08 9.0377874e-08 9.0496908e-08 9.0607673e-08 9.0710356e-08 9.0805058e-08 9.0891788e-08 9.0970470e-08 9.1040943e-08 9.1102959e-08 9.1156196e-08 9.1200255e-08 9.1234668e-08 9.1258907e-08 9.1272386e-08 9.1274471e-08 9.1264489e-08
7.9012977e-08 7.9801017e-08 8.0566710e-08 8.1309326e-08 8.2028230e-08 8.2722886e-08 8.3392862e-08 8.4037831e-08 8.4657576e-08 8.5251987e-08 8.5821060e-08 8.6364900e-08 8.6883713e-08 8.7377806e-08 8.7847580e-08 8.8293523e-08 8.8716206e-08 8.9116274e-08 8.9494436e-08 8.9851459e-08 9.0188154e-08 9.0505370e-08 9.0803981e-08 9.1084877e-08 9.1348951e-08 9.1597090e-08 9.1830164e-08 9.2049016e-08 9.2254453e-08 9.2447235e-08 9.2628066e-08 9.2797590e-08 9.2956380e-08 9.3104934e-08 9.3243667e-08 9.3372913e-08 9.3492915e-08 9.3603827e-08 9.3705714e-08 9.3798547e-08 9.3882212e-08 9.3956506e-08 9.4021144e-08 9.4075760e-08 9.4119918e-08 9.4153111e-08 9.4174773e-08 9.4184285e-08 9.4180980e-08 9.4164155e-08
8.1113748e-08 8.1940377e-08 8.2744176e-08 8.3524361e-08 8.4280248e-08 8.5011255e-08 8.5716908e-08 8.6396845e-08 8.7050815e-08 8.7678681e-08 8.8280417e-08 8.8856107e-08 8.9405944e-08 8.9930223e-08 9.0429336e-08 9.0903767e-08 9.1354084e-08 9.1780931e-08 9.2185018e-08 9.2567113e-08 9.2928030e-08 9.3268620e-08 9.3589757e-08 9.3892331e-08 9.4177235e-08 9.4445352e-08 9.4697546e-08 9.4934652e-08 9.5157466e-08 9.5366734e-08 9.5563142e-08 9.5747315e-08 9.5919801e-08 9.6081072e-08 9.6231514e-08 9.6371427e-08 9.6501020e-08 9.6620410e-08 9.6729623e-08 9.6828589e-08 9.6917153e-08 9.6995070e-08 9.7062012e-08 9.7117574e-08 9.7161277e-08 9.7192576e-08 9.7210869e-08 9.7215502e-08 9.7205777e-08 9.7180965e-08
8.3288396e-08 8.4155667e-08 8.4999633e-08 8.5819453e-08 8.6614387e-08 8.7383806e-08 8.8127190e-08 8.8844138e-08 8.9534363e-08 9.0197698e-08 9.0834090e-08 9.1443603e-08 9.2026410e-08 9.2582793e-08 9.3113134e-08 9.3617908e-08 9.4097678e-08 9.4553085e-08 9.4984836e-08 9.5393698e-08 9.5780484e-08 9.6146042e-08 9.6491245e-08 9.6816981e-08 9.7124134e-08 9.7413582e-08 9.7686180e-08 9.7942750e-08 9.8184071e-08 9.8410872e-08 9.8623818e-08 9.8823508e-08 9.9010463e-08 9.9185123e-08 9.9347842e-08 9.9498883e-08 9.9638416e-08 9.9766517e-08 9.9883170e-08 9.9988263e-08 1.0008160e-07 1.0016288e-07 1.0023174e-07 1.0028774e-07 1.0033035e-07 1.0035899e-07 1.0037301e-07 1.0037174e-07 1.0035445e-07 1.0032037e-07
