Pycode/rasters/asc_loose/q500.asc
ncols 547
nrows 547
xllcenter 78150.12
yllcenter 235911.50
cellsize 4
nodata_value -9999
[rows 374 to 395 of 547, columns 300 to 349 of 547]
5.9165080e-09 6.1952756e-09 6.4784869e-09 6.7658001e-09 7.0568644e-09 7.3513215e-09 7.6488066e-09 7.9489499e-09 8.2513781e-09 8.5557151e-09 8.8615837e-09 9.1686068e-09 9.4764083e-09 9.7846141e-09 1.0092854e-08 1.0400761e-08 1.0707975e-08 1.1014140e-08 1.1318908e-08 1.1621939e-08 1.1922900e-08 1.2221470e-08 1.2517334e-08 1.2810190e-08 1.3099745e-08 1.3385717e-08 1.3667837e-08 1.3945846e-08 1.4219499e-08 1.4488560e-08 1.4752808e-08 1.5012034e-08 1.5266041e-08 1.5514644e-08 1.5757672e-08 1.5994964e-08 1.6226375e-08 1.6451768e-08 1.6671021e-08 1.6884024e-08 1.7090676e-08 1.7290890e-08 1.7484589e-08 1.7671707e-08 1.7852190e-08 1.8025992e-08 1.8193078e-08 1.8353425e-08 1.8507015e-08 1.8653843e-08
5.5753762e-09 5.8404333e-09 6.1099291e-09 6.3835481e-09 6.6609656e-09 6.9418490e-09 7.2258588e-09 7.5126499e-09 7.8018730e-09 8.0931755e-09 8.3862029e-09 8.6805996e-09 8.9760106e-09 9.2720817e-09 9.5684613e-09 9.8648010e-09 1.0160756e-08 1.0455988e-08 1.0750162e-08 1.1042953e-08 1.1334039e-08 1.1623110e-08 1.1909863e-08 1.2194002e-08 1.2475243e-08 1.2753313e-08 1.3027945e-08 1.3298888e-08 1.3565897e-08 1.3828741e-08 1.4087201e-08 1.4341067e-08 1.4590142e-08 1.4834240e-08 1.5073189e-08 1.5306825e-08 1.5534999e-08 1.5757570e-08 1.5974411e-08 1.6185407e-08 1.6390451e-08 1.6589449e-08 1.6782318e-08 1.6968984e-08 1.7149383e-08 1.7323464e-08 1.7491183e-08 1.7652506e-08 1.7807407e-08 1.7955872e-08
5.2548185e-09 5.5068291e-09 5.7632587e-09 6.0238165e-09 6.2882022e-09 6.5561074e-09 6.8272166e-09 7.1012081e-09 7.3777554e-09 7.6565284e-09 7.9371940e-09 8.2194177e-09 8.5028644e-09 8.7871993e-09 9.0720891e-09 9.3572028e-09 9.6422124e-09 9.9267941e-09 1.0210629e-08 1.0493403e-08 1.0774809e-08 1.1054547e-08 1.1332324e-08 1.1607854e-08 1.1880862e-08 1.2151079e-08 1.2418248e-08 1.2682119e-08 1.2942455e-08 1.3199027e-08 1.3451617e-08 1.3700017e-08 1.3944031e-08 1.4183474e-08 1.4418170e-08 1.4647955e-08 1.4872676e-08 1.5092191e-08 1.5306368e-08 1.5515087e-08 1.5718236e-08 1.5915716e-08 1.6107437e-08 1.6293320e-08 1.6473293e-08 1.6647298e-08 1.6815282e-08 1.6977204e-08 1.7133030e-08 1.7282736e-08
4.9535347e-09 5.1931327e-09 5.4371170e-09 5.6852200e-09 5.9371644e-09 6.1926646e-09 6.4514275e-09 6.7131537e-09 6.9775385e-09 7.2442729e-09 7.5130445e-09 7.7835390e-09 8.0554404e-09 8.3284326e-09 8.6022000e-09 8.8764285e-09 9.1508063e-09 9.4250246e-09 9.6987786e-09 9.9717681e-09 1.0243698e-08 1.0514279e-08 1.0783229e-08 1.1050273e-08 1.1315141e-08 1.1577574e-08 1.1837321e-08 1.2094138e-08 1.2347792e-08 1.2598057e-08 1.2844719e-08 1.3087573e-08 1.3326423e-08 1.3561083e-08 1.3791380e-08 1.4017146e-08 1.4238228e-08 1.4454481e-08 1.4665770e-08 1.4871970e-08 1.5072968e-08 1.5268657e-08 1.5458944e-08 1.5643742e-08 1.5822975e-08 1.5996577e-08 1.6164489e-08 1.6326662e-08 1.6483056e-08 1.6633638e-08
4.6703109e-09 4.8981010e-09 5.1302335e-09 5.3664624e-09 5.6065320e-09 5.8501781e-09 6.0971290e-09 6.3471061e-09 6.5998255e-09 6.8549982e-09 7.1123317e-09 7.3715306e-09 7.6322976e-09 7.8943346e-09 8.1573430e-09 8.4210251e-09 8.6850848e-09 8.9492282e-09 9.2131644e-09 9.4766063e-09 9.7392711e-09 1.0000881e-08 1.0261164e-08 1.0519854e-08 1.0776692e-08 1.1031424e-08 1.1283808e-08 1.1533604e-08 1.1780585e-08 1.2024531e-08 1.2265229e-08 1.2502477e-08 1.2736082e-08 1.2965858e-08 1.3191632e-08 1.3413238e-08 1.3630520e-08 1.3843331e-08 1.4051535e-08 1.4255003e-08 1.4453619e-08 1.4647272e-08 1.4835864e-08 1.5019305e-08 1.5197512e-08 1.5370413e-08 1.5537944e-08 1.5700049e-08 1.5856681e-08 1.6007800e-08
4.4040134e-09 4.6205722e-09 4.8414199e-09 5.0663304e-09 5.2950685e-09 5.5273900e-09 5.7630432e-09 6.0017695e-09 6.2433042e-09 6.4873778e-09 6.7337164e-09 6.9820430e-09 7.2320780e-09 7.4835404e-09 7.7361483e-09 7.9896199e-09 8.2436742e-09 8.4980317e-09 8.7524153e-09 9.0065508e-09 9.2601675e-09 9.5129989e-09 9.7647834e-09 1.0015264e-08 1.0264192e-08 1.0511320e-08 1.0756413e-08 1.0999239e-08 1.1239575e-08 1.1477205e-08 1.1711921e-08 1.1943525e-08 1.2171824e-08 1.2396637e-08 1.2617789e-08 1.2835115e-08 1.3048459e-08 1.3257673e-08 1.3462619e-08 1.3663166e-08 1.3859196e-08 1.4050594e-08 1.4237259e-08 1.4419094e-08 1.4596015e-08 1.4767944e-08 1.4934811e-08 1.5096554e-08 1.5253121e-08 1.5404465e-08
4.1535829e-09 4.3594603e-09 4.5695644e-09 4.7836883e-09 5.0016155e-09 5.2231207e-09 5.4479712e-09 5.6759269e-09 5.9067418e-09 6.1401645e-09 6.3759389e-09 6.6138054e-09 6.8535016e-09 7.0947628e-09 7.3373231e-09 7.5809160e-09 7.8252753e-09 8.0701356e-09 8.3152330e-09 8.5603061e-09 8.8050961e-09 9.0493477e-09 9.2928096e-09 9.5352351e-09 9.7763825e-09 1.0016015e-08 1.0253903e-08 1.0489823e-08 1.0723555e-08 1.0954890e-08 1.1183625e-08 1.1409564e-08 1.1632517e-08 1.1852305e-08 1.2068756e-08 1.2281704e-08 1.2490994e-08 1.2696478e-08 1.2898017e-08 1.3095478e-08 1.3288740e-08 1.3477688e-08 1.3662215e-08 1.3842224e-08 1.4017624e-08 1.4188333e-08 1.4354277e-08 1.4515390e-08 1.4671612e-08 1.4822893e-08
3.9180298e-09 4.1137496e-09 4.3136270e-09 4.5174726e-09 4.7250875e-09 4.9362643e-09 5.1507879e-09 5.3684360e-09 5.5889798e-09 5.8121853e-09 6.0378133e-09 6.2656209e-09 6.4953619e-09 6.7267873e-09 6.9596466e-09 7.1936881e-09 7.4286599e-09 7.6643100e-09 7.9003879e-09 8.1366443e-09 8.3728321e-09 8.6087072e-09 8.8440286e-09 9.0785592e-09 9.3120661e-09 9.5443213e-09 9.7751019e-09 1.0004190e-08 1.0231375e-08 1.0456451e-08 1.0679220e-08 1.0899488e-08 1.1117072e-08 1.1331794e-08 1.1543482e-08 1.1751975e-08 1.1957116e-08 1.2158757e-08 1.2356760e-08 1.2550992e-08 1.2741328e-08 1.2927652e-08 1.3109855e-08 1.3287836e-08 1.3461503e-08 1.3630768e-08 1.3795554e-08 1.3955791e-08 1.4111413e-08 1.4262366e-08
3.6964291e-09 3.8824905e-09 4.0726343e-09 4.2666873e-09 4.4644673e-09 4.6657836e-09 4.8704376e-09 5.0782235e-09 5.2889292e-09 5.5023369e-09 5.7182236e-09 5.9363621e-09 6.1565215e-09 6.3784683e-09 6.6019665e-09 6.8267787e-09 7.0526665e-09 7.2793914e-09 7.5067155e-09 7.7344014e-09 7.9622138e-09 8.1899192e-09 8.4172869e-09 8.6440894e-09 8.8701026e-09 9.0951068e-09 9.3188866e-09 9.5412316e-09 9.7619363e-09 9.9808012e-09 1.0197632e-08 1.0412242e-08 1.0624449e-08 1.0834077e-08 1.1040960e-08 1.1244936e-08 1.1445851e-08 1.1643557e-08 1.1837916e-08 1.2028793e-08 1.2216065e-08 1.2399612e-08 1.2579326e-08 1.2755101e-08 1.2926843e-08 1.3094462e-08 1.3257877e-08 1.3417013e-08 1.3571802e-08 1.3722184e-08
3.4879160e-09 3.6647944e-09 3.8456748e-09 4.0303995e-09 4.2188015e-09 4.4107056e-09 4.6059291e-09 4.8042816e-09 5.0055666e-09 5.2095817e-09 5.4161191e-09 5.6249667e-09 5.8359084e-09 6.0487250e-09 6.2631947e-09 6.4790936e-09 6.6961968e-09 6.9142785e-09 7.1331128e-09 7.3524744e-09 7.5721391e-09 7.7918840e-09 8.0114885e-09 8.2307345e-09 8.4494070e-09 8.6672942e-09 8.8841886e-09 9.0998866e-09 9.3141893e-09 9.5269027e-09 9.7378382e-09 9.9468124e-09 1.0153648e-08 1.0358173e-08 1.0560223e-08 1.0759638e-08 1.0956267e-08 1.1149962e-08 1.1340584e-08 1.1528002e-08 1.1712090e-08 1.1892728e-08 1.2069805e-08 1.2243216e-08 1.2412862e-08 1.2578653e-08 1.2740503e-08 1.2898336e-08 1.3052078e-08 1.3201666e-08
3.2916818e-09 3.4598300e-09 3.6318956e-09 3.8077351e-09 3.9871961e-09 4.1701178e-09 4.3563321e-09 4.5456633e-09 4.7379297e-09 4.9329432e-09 5.1305107e-09 5.3304342e-09 5.5325117e-09 5.7365377e-09 5.9423038e-09 6.1495995e-09 6.3582123e-09 6.5679289e-09 6.7785354e-09 6.9898177e-09 7.2015626e-09 7.4135577e-09 7.6255922e-09 7.8374573e-09 8.0489468e-09 8.2598573e-09 8.4699887e-09 8.6791445e-09 8.8871324e-09 9.0937643e-09 9.2988568e-09 9.5022314e-09 9.7037149e-09 9.9031393e-09 1.0100342e-08 1.0295168e-08 1.0487464e-08 1.0677088e-08 1.0863901e-08 1.1047771e-08 1.1228572e-08 1.1406186e-08 1.1580499e-08 1.1751404e-08 1.1918803e-08 1.2082602e-08 1.2242714e-08 1.2399058e-08 1.2551559e-08 1.2700151e-08
3.1069703e-09 3.2668192e-09 3.4304977e-09 3.5978752e-09 3.7688129e-09 3.9431637e-09 4.1207730e-09 4.3014791e-09 4.4851138e-09 4.6715030e-09 4.8604671e-09 5.0518217e-09 5.2453781e-09 5.4409439e-09 5.6383237e-09 5.8373193e-09 6.0377307e-09 6.2393564e-09 6.4419939e-09 6.6454402e-09 6.8494927e-09 7.0539493e-09 7.2586087e-09 7.4632714e-09 7.6677398e-09 7.8718188e-09 8.0753157e-09 8.2780413e-09 8.4798097e-09 8.6804389e-09 8.8797510e-09 9.0775723e-09 9.2737340e-09 9.4680721e-09 9.6604277e-09 9.8506470e-09 1.0038582e-08 1.0224090e-08 1.0407034e-08 1.0587283e-08 1.0764712e-08 1.0939201e-08 1.1110639e-08 1.1278916e-08 1.1443933e-08 1.1605594e-08 1.1763810e-08 1.1918500e-08 1.2069584e-08 1.2216994e-08
2.9330740e-09 3.0850339e-09 3.2407326e-09 3.4000520e-09 3.5628658e-09 3.7290395e-09 3.8984314e-09 4.0708927e-09 4.2462681e-09 4.4243966e-09 4.6051113e-09 4.7882407e-09 4.9736088e-09 5.1610357e-09 5.3503382e-09 5.5413301e-09 5.7338233e-09 5.9276274e-09 6.1225512e-09 6.3184025e-09 6.5149889e-09 6.7121180e-09 6.9095983e-09 7.1072391e-09 7.3048514e-09 7.5022481e-09 7.6992442e-09 7.8956574e-09 8.0913086e-09 8.2860217e-09 8.4796245e-09 8.6719483e-09 8.8628290e-09 9.0521065e-09 9.2396255e-09 9.4252354e-09 9.6087908e-09 9.7901510e-09 9.9691809e-09 1.0145751e-08 1.0319736e-08 1.0491018e-08 1.0659484e-08 1.0825026e-08 1.0987542e-08 1.1146936e-08 1.1303118e-08 1.1456003e-08 1.1605511e-08 1.1751571e-08
2.7693308e-09 2.9137920e-09 3.0618993e-09 3.2135460e-09 3.3686174e-09 3.5269909e-09 3.6885368e-09 3.8531183e-09 4.0205926e-09 4.1908104e-09 4.3636174e-09 4.5388540e-09 4.7163563e-09 4.8959561e-09 5.0774820e-09 5.2607595e-09 5.4456113e-09 5.6318584e-09 5.8193200e-09 6.0078143e-09 6.1971589e-09 6.3871710e-09 6.5776682e-09 6.7684689e-09 6.9593923e-09 7.1502592e-09 7.3408922e-09 7.5311161e-09 7.7207582e-09 7.9096487e-09 8.0976209e-09 8.2845114e-09 8.4701607e-09 8.6544131e-09 8.8371170e-09 9.0181251e-09 9.1972948e-09 9.3744880e-09 9.5495715e-09 9.7224170e-09 9.8929014e-09 1.0060907e-08 1.0226320e-08 1.0389033e-08 1.0548945e-08 1.0705958e-08 1.0859981e-08 1.1010928e-08 1.1158717e-08 1.1303275e-08
2.6151212e-09 2.7524550e-09 2.8933408e-09 3.0376824e-09 3.1853758e-09 3.3363096e-09 3.4903653e-09 3.6474174e-09 3.8073344e-09 3.9699787e-09 4.1352074e-09 4.3028723e-09 4.4728208e-09 4.6448962e-09 4.8189380e-09 4.9947828e-09 5.1722640e-09 5.3512131e-09 5.5314596e-09 5.7128316e-09 5.8951563e-09 6.0782604e-09 6.2619705e-09 6.4461133e-09 6.6305164e-09 6.8150085e-09 6.9994195e-09 7.1835812e-09 7.3673274e-09 7.5504946e-09 7.7329216e-09 7.9144504e-09 8.0949262e-09 8.2741978e-09 8.4521174e-09 8.6285413e-09 8.8033300e-09 8.9763480e-09 9.1474643e-09 9.3165526e-09 9.4834910e-09 9.6481626e-09 9.8104553e-09 9.9702617e-09 1.0127480e-08 1.0282012e-08 1.0433766e-08 1.0582656e-08 1.0728598e-08 1.0871517e-08
2.4698651e-09 2.6004248e-09 2.7344414e-09 2.8718283e-09 3.0124918e-09 3.1563307e-09 3.3032368e-09 3.4530954e-09 3.6057856e-09 3.7611807e-09 3.9191484e-09 4.0795516e-09 4.2422483e-09 4.4070924e-09 4.5739343e-09 4.7426206e-09 4.9129953e-09 5.0848999e-09 5.2581736e-09 5.4326543e-09 5.6081785e-09 5.7845817e-09 5.9616994e-09 6.1393667e-09 6.3174191e-09 6.4956929e-09 6.6740255e-09 6.8522555e-09 7.0302234e-09 7.2077714e-09 7.3847443e-09 7.5609895e-09 7.7363568e-09 7.9106996e-09 8.0838742e-09 8.2557407e-09 8.4261625e-09 8.5950073e-09 8.7621465e-09 8.9274557e-09 9.0908149e-09 9.2521084e-09 9.4112251e-09 9.5680583e-09 9.7225061e-09 9.8744712e-09 1.0023861e-08 1.0170588e-08 1.0314568e-08 1.0455724e-08
2.3330194e-09 2.4571411e-09 2.5846238e-09 2.7153904e-09 2.8493561e-09 2.9864295e-09 3.1265122e-09 3.2694993e-09 3.4152800e-09 3.5637376e-09 3.7147502e-09 3.8681906e-09 4.0239273e-09 4.1818242e-09 4.3417416e-09 4.5035362e-09 4.6670618e-09 4.8321695e-09 4.9987080e-09 5.1665243e-09 5.3354638e-09 5.5053711e-09 5.6760897e-09 5.8474631e-09 6.0193345e-09 6.1915479e-09 6.3639476e-09 6.5363792e-09 6.7086894e-09 6.8807268e-09 7.0523417e-09 7.2233867e-09 7.3937169e-09 7.5631899e-09 7.7316665e-09 7.8990102e-09 8.0650882e-09 8.2297710e-09 8.3929326e-09 8.5544512e-09 8.7142084e-09 8.8720903e-09 9.0279869e-09 9.1817925e-09 9.3334057e-09 9.4827293e-09 9.6296709e-09 9.7741422e-09 9.9160595e-09 1.0055344e-08
2.2040755e-09 2.3220786e-09 2.4433469e-09 2.5678116e-09 2.6953967e-09 2.8260196e-09 2.9595908e-09 3.0960149e-09 3.2351905e-09 3.3770104e-09 3.5213621e-09 3.6681281e-09 3.8171865e-09 3.9684109e-09 4.1216711e-09 4.2768331e-09 4.4337602e-09 4.5923126e-09 4.7523481e-09 4.9137225e-09 5.0762900e-09 5.2399033e-09 5.4044144e-09 5.5696744e-09 5.7355345e-09 5.9018456e-09 6.0684592e-09 6.2352275e-09 6.4020037e-09 6.5686423e-09 6.7349994e-09 6.9009328e-09 7.0663026e-09 7.2309710e-09 7.3948030e-09 7.5576662e-09 7.7194311e-09 7.8799714e-09 8.0391641e-09 8.1968896e-09 8.3530319e-09 8.5074787e-09 8.6601216e-09 8.8108560e-09 8.9595812e-09 9.1062007e-09 9.2506222e-09 9.3927574e-09 9.5325222e-09 9.6698369e-09
2.0825568e-09 2.1947452e-09 2.3101032e-09 2.4285697e-09 2.5500766e-09 2.6745497e-09 2.8019081e-09 2.9320648e-09 3.0649272e-09 3.2003971e-09 3.3383711e-09 3.4787406e-09 3.6213928e-09 3.7662103e-09 3.9130719e-09 4.0618529e-09 4.2124252e-09 4.3646578e-09 4.5184172e-09 4.6735677e-09 4.8299718e-09 4.9874903e-09 5.1459830e-09 5.3053088e-09 5.4653261e-09 5.6258931e-09 5.7868681e-09 5.9481098e-09 6.1094778e-09 6.2708323e-09 6.4320352e-09 6.5929496e-09 6.7534405e-09 6.9133749e-09 7.0726218e-09 7.2310530e-09 7.3885425e-09 7.5449674e-09 7.7002076e-09 7.8541462e-09 8.0066695e-09 8.1576671e-09 8.3070323e-09 8.4546618e-09 8.6004560e-09 8.7443193e-09 8.8861597e-09 9.0258892e-09 9.1634235e-09 9.2986827e-09
1.9680171e-09 2.0746796e-09 2.1844166e-09 2.2971741e-09 2.4128915e-09 2.5315022e-09 2.6529331e-09 2.7771054e-09 2.9039347e-09 3.0333311e-09 3.1651994e-09 3.2994400e-09 3.4359483e-09 3.5746156e-09 3.7153292e-09 3.8579730e-09 4.0024272e-09 4.1485693e-09 4.2962741e-09 4.4454139e-09 4.5958591e-09 4.7474785e-09 4.9001394e-09 5.0537081e-09 5.2080502e-09 5.3630309e-09 5.5185150e-09 5.6743677e-09 5.8304547e-09 5.9866422e-09 6.1427974e-09 6.2987889e-09 6.4544865e-09 6.6097619e-09 6.7644885e-09 6.9185420e-09 7.0718002e-09 7.2241435e-09 7.3754550e-09 7.5256204e-09 7.6745286e-09 7.8220713e-09 7.9681436e-09 8.1126438e-09 8.2554737e-09 8.3965384e-09 8.5357468e-09 8.6730112e-09 8.8082476e-09 8.9413759e-09
1.8600379e-09 1.9614491e-09 2.0658405e-09 2.1731646e-09 2.2833678e-09 2.3963903e-09 2.5121667e-09 2.6306256e-09 2.7516901e-09 2.8752781e-09 3.0013027e-09 3.1296718e-09 3.2602891e-09 3.3930540e-09 3.5278619e-09 3.6646047e-09 3.8031707e-09 3.9434453e-09 4.0853112e-09 4.2286485e-09 4.3733353e-09 4.5192478e-09 4.6662606e-09 4.8142472e-09 4.9630801e-09 5.1126312e-09 5.2627719e-09 5.4133736e-09 5.5643080e-09 5.7154470e-09 5.8666635e-09 6.0178310e-09 6.1688244e-09 6.3195199e-09 6.4697955e-09 6.6195307e-09 6.7686071e-09 6.9169088e-09 7.0643217e-09 7.2107347e-09 7.3560391e-09 7.5001289e-09 7.6429013e-09 7.7842563e-09 7.9240970e-09 8.0623299e-09 8.1988646e-09 8.3336142e-09 8.4664952e-09 8.5974273e-09
1.7582271e-09 1.8546480e-09 1.9539558e-09 2.0561090e-09 2.1610604e-09 2.2687569e-09 2.3791396e-09 2.4921442e-09 2.6077010e-09 2.7257353e-09 2.8461673e-09 2.9689128e-09 3.0938828e-09 3.2209845e-09 3.3501209e-09 3.4811914e-09 3.6140921e-09 3.7487160e-09 3.8849531e-09 4.0226912e-09 4.1618154e-09 4.3022094e-09 4.4437546e-09 4.5863316e-09 4.7298194e-09 4.8740965e-09 5.0190407e-09 5.1645294e-09 5.3104401e-09 5.4566505e-09 5.6030387e-09 5.7494835e-09 5.8958647e-09 6.0420630e-09 6.1879607e-09 6.3334414e-09 6.4783908e-09 6.6226960e-09 6.7662465e-09 6.9089340e-09 7.0506526e-09 7.1912986e-09 7.3307715e-09 7.4689730e-09 7.6058079e-09 7.7411840e-09 7.8750121e-09 8.0072061e-09 8.1376830e-09 8.2663630e-09
