Pycode/rasters/asc_loose/q500.asc
ncols 547
nrows 547
xllcenter 78150.12
yllcenter 235911.50
cellsize 4
nodata_value -9999
[rows 176 to 197 of 547, columns 300 to 349 of 547]
3.2636858e-07 3.2602375e-07 3.2559487e-07 3.2508127e-07 3.2448240e-07 3.2379783e-07 3.2302724e-07 3.2217046e-07 3.2122744e-07 3.2019828e-07 3.1908325e-07 3.1788273e-07 3.1659730e-07 3.1522767e-07 3.1377471e-07 3.1223945e-07 3.1062307e-07 3.0892693e-07 3.0715249e-07 3.0530140e-07 3.0337541e-07 3.0137644e-07 2.9930650e-07 2.9716773e-07 2.9496240e-07 2.9269286e-07 2.9036154e-07 2.8797097e-07 2.8552377e-07 2.8302257e-07 2.8047010e-07 2.7786912e-07 2.7522241e-07 2.7253279e-07 2.6980308e-07 2.6703611e-07 2.6423471e-07 2.6140169e-07 2.5853985e-07 2.5565194e-07 2.5274071e-07 2.4980883e-07 2.4685895e-07 2.4389366e-07 2.4091547e-07 2.3792685e-07 2.3493020e-07 2.3192785e-07 2.2892204e-07 2.2591496e-07
3.3670776e-07 3.3630750e-07 3.3581702e-07 3.3523578e-07 3.3456335e-07 3.3379944e-07 3.3294388e-07 3.3199667e-07 3.3095793e-07 3.2982798e-07 3.2860725e-07 3.2729638e-07 3.2589613e-07 3.2440746e-07 3.2283148e-07 3.2116945e-07 3.1942282e-07 3.1759316e-07 3.1568222e-07 3.1369189e-07 3.1162418e-07 3.0948126e-07 3.0726540e-07 3.0497900e-07 3.0262455e-07 3.0020467e-07 2.9772201e-07 2.9517936e-07 2.9257954e-07 2.8992542e-07 2.8721993e-07 2.8446604e-07 2.8166673e-07 2.7882501e-07 2.7594387e-07 2.7302633e-07 2.7007537e-07 2.6709395e-07 2.6408501e-07 2.6105144e-07 2.5799611e-07 2.5492182e-07 2.5183130e-07 2.4872724e-07 2.4561226e-07 2.4248890e-07 2.3935962e-07 2.3622682e-07 2.3309280e-07 2.2995978e-07
3.4745607e-07 3.4699434e-07 3.4643587e-07 3.4578024e-07 3.4502719e-07 3.4417657e-07 3.4322839e-07 3.4218285e-07 3.4104028e-07 3.3980120e-07 3.3846628e-07 3.3703638e-07 3.3551252e-07 3.3389591e-07 3.3218792e-07 3.3039007e-07 3.2850409e-07 3.2653181e-07 3.2447527e-07 3.2233661e-07 3.2011814e-07 3.1782229e-07 3.1545159e-07 3.1300873e-07 3.1049646e-07 3.0791763e-07 3.0527518e-07 3.0257211e-07 2.9981150e-07 2.9699645e-07 2.9413011e-07 2.9121566e-07 2.8825628e-07 2.8525518e-07 2.8221554e-07 2.7914053e-07 2.7603332e-07 2.7289701e-07 2.6973470e-07 2.6654941e-07 2.6334412e-07 2.6012174e-07 2.5688513e-07 2.5363706e-07 2.5038023e-07 2.4711726e-07 2.4385068e-07 2.4058296e-07 2.3731643e-07 2.3405338e-07
3.5863204e-07 3.5810224e-07 3.5746881e-07 3.5673147e-07 3.5589013e-07 3.5494482e-07 3.5389579e-07 3.5274341e-07 3.5148826e-07 3.5013110e-07 3.4867285e-07 3.4711465e-07 3.4545778e-07 3.4370373e-07 3.4185414e-07 3.3991085e-07 3.3787585e-07 3.3575129e-07 3.3353949e-07 3.3124289e-07 3.2886409e-07 3.2640582e-07 3.2387090e-07 3.2126229e-07 3.1858302e-07 3.1583622e-07 3.1302510e-07 3.1015291e-07 3.0722297e-07 3.0423863e-07 3.0120327e-07 2.9812028e-07 2.9499306e-07 2.9182501e-07 2.8861950e-07 2.8537990e-07 2.8210952e-07 2.7881163e-07 2.7548946e-07 2.7214618e-07 2.6878488e-07 2.6540860e-07 2.6202028e-07 2.5862280e-07 2.5521894e-07 2.5181139e-07 2.4840275e-07 2.4499552e-07 2.4159212e-07 2.3819485e-07
3.7025508e-07 3.6965004e-07 3.6893405e-07 3.6810705e-07 3.6716911e-07 3.6612050e-07 3.6496168e-07 3.6369329e-07 3.6231616e-07 3.6083131e-07 3.5923996e-07 3.5754352e-07 3.5574359e-07 3.5384195e-07 3.5184056e-07 3.4974157e-07 3.4754729e-07 3.4526018e-07 3.4288289e-07 3.4041818e-07 3.3786896e-07 3.3523826e-07 3.3252922e-07 3.2974508e-07 3.2688919e-07 3.2396496e-07 3.2097586e-07 3.1792542e-07 3.1481723e-07 3.1165486e-07 3.0844195e-07 3.0518212e-07 3.0187898e-07 2.9853612e-07 2.9515713e-07 2.9174554e-07 2.8830482e-07 2.8483842e-07 2.8134971e-07 2.7784198e-07 2.7431845e-07 2.7078227e-07 2.6723649e-07 2.6368407e-07 2.6012786e-07 2.5657064e-07 2.5301506e-07 2.4946367e-07 2.4591893e-07 2.4238318e-07
3.8234558e-07 3.8165745e-07 3.8085067e-07 3.7992536e-07 3.7888183e-07 3.7772059e-07 3.7644238e-07 3.7504809e-07 3.7353885e-07 3.7191600e-07 3.7018106e-07 3.6833575e-07 3.6638201e-07 3.6432195e-07 3.6215788e-07 3.5989229e-07 3.5752782e-07 3.5506730e-07 3.5251369e-07 3.4987010e-07 3.4713979e-07 3.4432610e-07 3.4143251e-07 3.3846258e-07 3.3541995e-07 3.3230834e-07 3.2913152e-07 3.2589329e-07 3.2259751e-07 3.1924801e-07 3.1584868e-07 3.1240336e-07 3.0891589e-07 3.0539008e-07 3.0182969e-07 2.9823844e-07 2.9461999e-07 2.9097793e-07 2.8731576e-07 2.8363694e-07 2.7994478e-07 2.7624255e-07 2.7253340e-07 2.6882036e-07 2.6510638e-07 2.6139427e-07 2.5768677e-07 2.5398647e-07 2.5029585e-07 2.4661729e-07
3.9492492e-07 3.9414517e-07 3.9323861e-07 3.9220561e-07 3.9104675e-07 3.8976281e-07 3.8835482e-07 3.8682399e-07 3.8517178e-07 3.8339984e-07 3.8151006e-07 3.7950451e-07 3.7738549e-07 3.7515547e-07 3.7281714e-07 3.7037334e-07 3.6782711e-07 3.6518163e-07 3.6244023e-07 3.5960639e-07 3.5668372e-07 3.5367591e-07 3.5058680e-07 3.4742026e-07 3.4418028e-07 3.4087087e-07 3.3749612e-07 3.3406013e-07 3.3056700e-07 3.2702088e-07 3.2342587e-07 3.1978608e-07 3.1610555e-07 3.1238831e-07 3.0863833e-07 3.0485951e-07 3.0105567e-07 2.9723056e-07 2.9338783e-07 2.8953106e-07 2.8566370e-07 2.8178910e-07 2.7791051e-07 2.7403104e-07 2.7015372e-07 2.6628142e-07 2.6241692e-07 2.5856285e-07 2.5472174e-07 2.5089597e-07
4.0801554e-07 4.0713486e-07 4.0611877e-07 4.0496791e-07 4.0368316e-07 4.0226563e-07 4.0071667e-07 3.9903784e-07 3.9723095e-07 3.9529805e-07 3.9324138e-07 3.9106343e-07 3.8876687e-07 3.8635458e-07 3.8382965e-07 3.8119532e-07 3.7845503e-07 3.7561236e-07 3.7267103e-07 3.6963492e-07 3.6650799e-07 3.6329435e-07 3.5999815e-07 3.5662365e-07 3.5317516e-07 3.4965704e-07 3.4607368e-07 3.4242948e-07 3.3872886e-07 3.3497620e-07 3.3117589e-07 3.2733226e-07 3.2344961e-07 3.1953218e-07 3.1558412e-07 3.1160953e-07 3.0761239e-07 3.0359662e-07 2.9956600e-07 2.9552424e-07 2.9147491e-07 2.8742145e-07 2.8336720e-07 2.7931537e-07 2.7526903e-07 2.7123111e-07 2.6720443e-07 2.6319166e-07 2.5919535e-07 2.5521791e-07
4.2164099e-07 4.2064924e-07 4.1951301e-07 4.1823327e-07 4.1681122e-07 4.1524833e-07 4.1354632e-07 4.1170715e-07 4.0973303e-07 4.0762640e-07 4.0538995e-07 4.0302658e-07 4.0053939e-07 3.9793171e-07 3.9520705e-07 3.9236909e-07 3.8942170e-07 3.8636888e-07 3.8321478e-07 3.7996368e-07 3.7661996e-07 3.7318811e-07 3.6967267e-07 3.6607828e-07 3.6240960e-07 3.5867132e-07 3.5486817e-07 3.5100487e-07 3.4708612e-07 3.4311661e-07 3.3910098e-07 3.3504381e-07 3.3094964e-07 3.2682291e-07 3.2266799e-07 3.1848915e-07 3.1429056e-07 3.1007627e-07 3.0585022e-07 3.0161623e-07 2.9737798e-07 2.9313902e-07 2.8890276e-07 2.8467247e-07 2.8045130e-07 2.7624223e-07 2.7204810e-07 2.6787162e-07 2.6371534e-07 2.5958170e-07
4.3582598e-07 4.3471212e-07 4.3344424e-07 4.3202365e-07 4.3045194e-07 4.2873099e-07 4.2686291e-07 4.2485012e-07 4.2269526e-07 4.2040124e-07 4.1797120e-07 4.1540849e-07 4.1271672e-07 4.0989966e-07 4.0696129e-07 4.0390578e-07 4.0073744e-07 3.9746074e-07 3.9408029e-07 3.9060078e-07 3.8702705e-07 3.8336397e-07 3.7961652e-07 3.7578970e-07 3.7188855e-07 3.6791814e-07 3.6388351e-07 3.5978973e-07 3.5564179e-07 3.5144468e-07 3.4720330e-07 3.4292250e-07 3.3860705e-07 3.3426160e-07 3.2989074e-07 3.2549891e-07 3.2109044e-07 3.1666955e-07 3.1224031e-07 3.0780665e-07 3.0337235e-07 2.9894107e-07 2.9451628e-07 2.9010134e-07 2.8569942e-07 2.8131355e-07 2.7694660e-07 2.7260130e-07 2.6828023e-07 2.6398579e-07
4.5059644e-07 4.4934847e-07 4.4793642e-07 4.4636202e-07 4.4462729e-07 4.4273454e-07 4.4068638e-07 4.3848568e-07 4.3613559e-07 4.3363951e-07 4.3100108e-07 4.2822418e-07 4.2531290e-07 4.2227156e-07 4.1910463e-07 4.1581678e-07 4.1241282e-07 4.0889771e-07 4.0527653e-07 4.0155445e-07 3.9773675e-07 3.9382875e-07 3.8983584e-07 3.8576344e-07 3.8161697e-07 3.7740188e-07 3.7312357e-07 3.6878742e-07 3.6439876e-07 3.5996285e-07 3.5548490e-07 3.5097000e-07 3.4642315e-07 3.4184924e-07 3.3725304e-07 3.3263918e-07 3.2801216e-07 3.2337635e-07 3.1873593e-07 3.1409495e-07 3.0945731e-07 3.0482673e-07 3.0020677e-07 2.9560082e-07 2.9101211e-07 2.8644370e-07 2.8189849e-07 2.7737920e-07 2.7288841e-07 2.6842853e-07
4.6597959e-07 4.6458444e-07 4.6301464e-07 4.6127238e-07 4.5936017e-07 4.5728082e-07 4.5503746e-07 4.5263349e-07 4.5007259e-07 4.4735872e-07 4.4449608e-07 4.4148910e-07 4.3834243e-07 4.3506093e-07 4.3164964e-07 4.2811375e-07 4.2445861e-07 4.2068970e-07 4.1681261e-07 4.1283300e-07 4.0875663e-07 4.0458929e-07 4.0033681e-07 3.9600502e-07 3.9159977e-07 3.8712688e-07 3.8259211e-07 3.7800120e-07 3.7335980e-07 3.6867347e-07 3.6394769e-07 3.5918783e-07 3.5439910e-07 3.4958664e-07 3.4475540e-07 3.3991020e-07 3.3505569e-07 3.3019638e-07 3.2533659e-07 3.2048047e-07 3.1563200e-07 3.1079499e-07 3.0597305e-07 3.0116963e-07 2.9638798e-07 2.9163119e-07 2.8690217e-07 2.8220365e-07 2.7753818e-07 2.7290816e-07
4.8200401e-07 4.8044746e-07 4.7870516e-07 4.7677983e-07 4.7467451e-07 4.7239258e-07 4.6993773e-07 4.6731395e-07 4.6452554e-07 4.6157704e-07 4.5847325e-07 4.5521923e-07 4.5182021e-07 4.4828165e-07 4.4460919e-07 4.4080859e-07 4.3688578e-07 4.3284680e-07 4.2869775e-07 4.2444484e-07 4.2009432e-07 4.1565247e-07 4.1112559e-07 4.0651994e-07 4.0184181e-07 3.9709739e-07 3.9229285e-07 3.8743425e-07 3.8252759e-07 3.7757874e-07 3.7259345e-07 3.6757735e-07 3.6253592e-07 3.5747447e-07 3.5239818e-07 3.4731202e-07 3.4222082e-07 3.3712921e-07 3.3204163e-07 3.2696234e-07 3.2189539e-07 3.1684465e-07 3.1181380e-07 3.0680631e-07 3.0182547e-07 2.9687437e-07 2.9195592e-07 2.8707284e-07 2.8222767e-07 2.7742278e-07
4.9869968e-07 4.9696627e-07 4.9503548e-07 4.9291059e-07 4.9059527e-07 4.8809350e-07 4.8540963e-07 4.8254829e-07 4.7951442e-07 4.7631324e-07 4.7295020e-07 4.6943100e-07 4.6576156e-07 4.6194796e-07 4.5799647e-07 4.5391348e-07 4.4970554e-07 4.4537924e-07 4.4094130e-07 4.3639845e-07 4.3175748e-07 4.2702518e-07 4.2220832e-07 4.1731364e-07 4.1234786e-07 4.0731758e-07 4.0222935e-07 3.9708960e-07 3.9190466e-07 3.8668071e-07 3.8142380e-07 3.7613980e-07 3.7083442e-07 3.6551322e-07 3.6018154e-07 3.5484454e-07 3.4950719e-07 3.4417424e-07 3.3885024e-07 3.3353954e-07 3.2824628e-07 3.2297437e-07 3.1772753e-07 3.1250926e-07 3.0732286e-07 3.0217143e-07 2.9705786e-07 2.9198485e-07 2.8695491e-07 2.8197036e-07
5.1609808e-07 5.1417100e-07 5.1203435e-07 5.0969207e-07 5.0714849e-07 5.0440829e-07 5.0147651e-07 4.9835851e-07 4.9505994e-07 4.9158673e-07 4.8794507e-07 4.8414136e-07 4.8018222e-07 4.7607444e-07 4.7182495e-07 4.6744083e-07 4.6292924e-07 4.5829743e-07 4.5355270e-07 4.4870238e-07 4.4375380e-07 4.3871428e-07 4.3359111e-07 4.2839151e-07 4.2312262e-07 4.1779150e-07 4.1240508e-07 4.0697015e-07 4.0149339e-07 3.9598129e-07 3.9044018e-07 3.8487619e-07 3.7929529e-07 3.7370321e-07 3.6810549e-07 3.6250746e-07 3.5691422e-07 3.5133065e-07 3.4576139e-07 3.4021087e-07 3.3468329e-07 3.2918261e-07 3.2371258e-07 3.1827671e-07 3.1287830e-07 3.0752043e-07 3.0220598e-07 2.9693760e-07 2.9171777e-07 2.8654874e-07
5.3423224e-07 5.3209323e-07 5.2973189e-07 5.2715290e-07 5.2436133e-07 5.2136264e-07 5.1816263e-07 5.1476744e-07 5.1118353e-07 5.0741760e-07 5.0347661e-07 4.9936775e-07 4.9509839e-07 4.9067606e-07 4.8610843e-07 4.8140328e-07 4.7656846e-07 4.7161188e-07 4.6654148e-07 4.6136520e-07 4.5609096e-07 4.5072663e-07 4.4528002e-07 4.3975884e-07 4.3417071e-07 4.2852310e-07 4.2282336e-07 4.1707866e-07 4.1129600e-07 4.0548220e-07 3.9964386e-07 3.9378739e-07 3.8791897e-07 3.8204454e-07 3.7616982e-07 3.7030028e-07 3.6444116e-07 3.5859745e-07 3.5277388e-07 3.4697494e-07 3.4120487e-07 3.3546768e-07 3.2976712e-07 3.2410672e-07 3.1848974e-07 3.1291926e-07 3.0739809e-07 3.0192887e-07 2.9651398e-07 2.9115564e-07
5.5313685e-07 5.5076606e-07 5.4815962e-07 5.4532301e-07 5.4226215e-07 5.3898333e-07 5.3549321e-07 5.3179880e-07 5.2790740e-07 5.2382658e-07 5.1956414e-07 5.1512809e-07 5.1052664e-07 5.0576811e-07 5.0086095e-07 4.9581369e-07 4.9063492e-07 4.8533324e-07 4.7991726e-07 4.7439556e-07 4.6877667e-07 4.6306905e-07 4.5728103e-07 4.5142085e-07 4.4549659e-07 4.3951618e-07 4.3348736e-07 4.2741769e-07 4.2131452e-07 4.1518496e-07 4.0903592e-07 4.0287404e-07 3.9670572e-07 3.9053711e-07 3.8437409e-07 3.7822228e-07 3.7208704e-07 3.6597343e-07 3.5988629e-07 3.5383014e-07 3.4780926e-07 3.4182768e-07 3.3588914e-07 3.2999716e-07 3.2415498e-07 3.1836563e-07 3.1263187e-07 3.0695627e-07 3.0134114e-07 2.9578862e-07
5.7284831e-07 5.7022417e-07 5.6735049e-07 5.6423365e-07 5.6088048e-07 5.5729822e-07 5.5349446e-07 5.4947715e-07 5.4525453e-07 5.4083509e-07 5.3622755e-07 5.3144083e-07 5.2648401e-07 5.2136626e-07 5.1609687e-07 5.1068517e-07 5.0514051e-07 4.9947224e-07 4.9368968e-07 4.8780207e-07 4.8181859e-07 4.7574827e-07 4.6960003e-07 4.6338261e-07 4.5710460e-07 4.5077437e-07 4.4440007e-07 4.3798964e-07 4.3155077e-07 4.2509090e-07 4.1861719e-07 4.1213654e-07 4.0565556e-07 3.9918059e-07 3.9271766e-07 3.8627253e-07 3.7985065e-07 3.7345718e-07 3.6709699e-07 3.6077466e-07 3.5449449e-07 3.4826050e-07 3.4207642e-07 3.3594573e-07 3.2987164e-07 3.2385710e-07 3.1790482e-07 3.1201727e-07 3.0619670e-07 3.0044512e-07
5.9340483e-07 5.9050392e-07 5.8733901e-07 5.8391747e-07 5.8024715e-07 5.7633631e-07 5.7219359e-07 5.6782796e-07 5.6324867e-07 5.5846523e-07 5.5348734e-07 5.4832490e-07 5.4298792e-07 5.3748649e-07 5.3183078e-07 5.2603098e-07 5.2009725e-07 5.1403972e-07 5.0786844e-07 5.0159337e-07 4.9522432e-07 4.8877096e-07 4.8224279e-07 4.7564908e-07 4.6899891e-07 4.6230112e-07 4.5556427e-07 4.4879667e-07 4.4200637e-07 4.3520110e-07 4.2838829e-07 4.2157508e-07 4.1476829e-07 4.0797442e-07 4.0119965e-07 3.9444985e-07 3.8773057e-07 3.8104702e-07 3.7440413e-07 3.6780649e-07 3.6125839e-07 3.5476385e-07 3.4832656e-07 3.4194994e-07 3.3563715e-07 3.2939105e-07 3.2321427e-07 3.1710919e-07 3.1107793e-07 3.0512242e-07
6.1484650e-07 6.1164340e-07 6.0816124e-07 6.0440853e-07 6.0039424e-07 5.9612776e-07 5.9161886e-07 5.8687761e-07 5.8191439e-07 5.7673979e-07 5.7136460e-07 5.6579973e-07 5.6005621e-07 5.5414511e-07 5.4807755e-07 5.4186459e-07 5.3551728e-07 5.2904656e-07 5.2246325e-07 5.1577803e-07 5.0900141e-07 5.0214369e-07 4.9521496e-07 4.8822504e-07 4.8118352e-07 4.7409968e-07 4.6698252e-07 4.5984073e-07 4.5268267e-07 4.4551639e-07 4.3834957e-07 4.3118958e-07 4.2404342e-07 4.1691776e-07 4.0981891e-07 4.0275282e-07 3.9572512e-07 3.8874107e-07 3.8180562e-07 3.7492336e-07 3.6809857e-07 3.6133521e-07 3.5463693e-07 3.4800709e-07 3.4144874e-07 3.3496467e-07 3.2855739e-07 3.2222916e-07 3.1598199e-07 3.0981766e-07
6.3721541e-07 6.3368250e-07 6.2985493e-07 6.2574244e-07 6.2135524e-07 6.1670395e-07 6.1179958e-07 6.0665343e-07 6.0127707e-07 5.9568228e-07 5.8988098e-07 5.8388523e-07 5.7770711e-07 5.7135875e-07 5.6485225e-07 5.5819964e-07 5.5141286e-07 5.4450371e-07 5.3748381e-07 5.3036461e-07 5.2315731e-07 5.1587288e-07 5.0852200e-07 5.0111508e-07 4.9366218e-07 4.8617307e-07 4.7865715e-07 4.7112349e-07 4.6358077e-07 4.5603733e-07 4.4850111e-07 4.4097967e-07 4.3348021e-07 4.2600951e-07 4.1857401e-07 4.1117973e-07 4.0383235e-07 3.9653717e-07 3.8929912e-07 3.8212278e-07 3.7501238e-07 3.6797184e-07 3.6100471e-07 3.5411427e-07 3.4730347e-07 3.4057497e-07 3.3393117e-07 3.2737417e-07 3.2090585e-07 3.1452784e-07
6.6055574e-07 6.5666304e-07 6.5245954e-07 6.4795633e-07 6.4316497e-07 6.3809747e-07 6.3276616e-07 6.2718368e-07 6.2136290e-07 6.1531687e-07 6.0905876e-07 6.0260180e-07 5.9595925e-07 5.8914433e-07 5.8217020e-07 5.7504989e-07 5.6779629e-07 5.6042209e-07 5.5293977e-07 5.4536153e-07 5.3769933e-07 5.2996479e-07 5.2216921e-07 5.1432356e-07 5.0643844e-07 4.9852404e-07 4.9059021e-07 4.8264635e-07 4.7470148e-07 4.6676421e-07 4.5884270e-07 4.5094472e-07 4.4307761e-07 4.3524828e-07 4.2746325e-07 4.1972861e-07 4.1205006e-07 4.0443290e-07 3.9688203e-07 3.8940200e-07 3.8199697e-07 3.7467077e-07 3.6742686e-07 3.6026839e-07 3.5319819e-07 3.4621878e-07 3.3933241e-07 3.3254103e-07 3.2584634e-07 3.1924980e-07
