Pycode/rasters/asc_loose/q500.asc
ncols 547
nrows 547
xllcenter 78150.12
yllcenter 235911.50
cellsize 4
nodata_value -9999
[rows 132 to 153 of 547, columns 100 to 149 of 547]
1.8891847e-08 1.8992234e-08 1.9095368e-08 1.9201322e-08 1.9310169e-08 1.9421985e-08 1.9536847e-08 1.9654834e-08 1.9776025e-08 1.9900503e-08 2.0028351e-08 2.0159653e-08 2.0294497e-08 2.0432971e-08 2.0575165e-08 2.0721169e-08 2.0871078e-08 2.1024986e-08 2.1182990e-08 2.1345188e-08 2.1511680e-08 2.1682566e-08 2.1857951e-08 2.2037939e-08 2.2222636e-08 2.2412149e-08 2.2606589e-08 2.2806066e-08 2.3010692e-08 2.3220582e-08 2.3435849e-08 2.3656611e-08 2.3882985e-08 2.4115090e-08 2.4353046e-08 2.4596975e-08 2.4846997e-08 2.5103237e-08 2.5365818e-08 2.5634865e-08 2.5910502e-08 2.6192855e-08 2.6482051e-08 2.6778215e-08 2.7081474e-08 2.7391953e-08 2.7709780e-08 2.8035079e-08 2.8367977e-08 2.8708597e-08
1.9273017e-08 1.9372771e-08 1.9475266e-08 1.9580576e-08 1.9688777e-08 1.9799943e-08 1.9914155e-08 2.0031491e-08 2.0152033e-08 2.0275864e-08 2.0403070e-08 2.0533737e-08 2.0667952e-08 2.0805806e-08 2.0947390e-08 2.1092798e-08 2.1242125e-08 2.1395467e-08 2.1552924e-08 2.1714594e-08 2.1880581e-08 2.2050988e-08 2.2225921e-08 2.2405485e-08 2.2589791e-08 2.2778948e-08 2.2973069e-08 2.3172267e-08 2.3376658e-08 2.3586357e-08 2.3801484e-08 2.4022158e-08 2.4248500e-08 2.4480631e-08 2.4718677e-08 2.4962761e-08 2.5213010e-08 2.5469550e-08 2.5732509e-08 2.6002016e-08 2.6278200e-08 2.6561191e-08 2.6851120e-08 2.7148118e-08 2.7452315e-08 2.7763843e-08 2.8082832e-08 2.8409415e-08 2.8743721e-08 2.9085879e-08
1.9669197e-08 1.9768330e-08 1.9870195e-08 1.9974869e-08 2.0082427e-08 2.0192947e-08 2.0306508e-08 2.0423191e-08 2.0543080e-08 2.0666259e-08 2.0792814e-08 2.0922834e-08 2.1056407e-08 2.1193626e-08 2.1334583e-08 2.1479374e-08 2.1628096e-08 2.1780848e-08 2.1937730e-08 2.2098844e-08 2.2264294e-08 2.2434187e-08 2.2608630e-08 2.2787733e-08 2.2971607e-08 2.3160364e-08 2.3354121e-08 2.3552992e-08 2.3757097e-08 2.3966554e-08 2.4181486e-08 2.4402015e-08 2.4628266e-08 2.4860364e-08 2.5098437e-08 2.5342612e-08 2.5593021e-08 2.5849793e-08 2.6113060e-08 2.6382956e-08 2.6659614e-08 2.6943169e-08 2.7233756e-08 2.7531509e-08 2.7836567e-08 2.8149063e-08 2.8469136e-08 2.8796920e-08 2.9132553e-08 2.9476169e-08
2.0080979e-08 2.0179506e-08 2.0280757e-08 2.0384807e-08 2.0491733e-08 2.0601613e-08 2.0714530e-08 2.0830565e-08 2.0949801e-08 2.1072326e-08 2.1198227e-08 2.1327593e-08 2.1460515e-08 2.1597088e-08 2.1737405e-08 2.1881564e-08 2.2029663e-08 2.2181803e-08 2.2338086e-08 2.2498618e-08 2.2663504e-08 2.2832852e-08 2.3006773e-08 2.3185378e-08 2.3368781e-08 2.3557098e-08 2.3750447e-08 2.3948947e-08 2.4152718e-08 2.4361883e-08 2.4576568e-08 2.4796898e-08 2.5023001e-08 2.5255006e-08 2.5493044e-08 2.5737248e-08 2.5987750e-08 2.6244687e-08 2.6508193e-08 2.6778407e-08 2.7055466e-08 2.7339509e-08 2.7630677e-08 2.7929109e-08 2.8234947e-08 2.8548333e-08 2.8869406e-08 2.9198310e-08 2.9535186e-08 2.9880175e-08
2.0508968e-08 2.0606914e-08 2.0707571e-08 2.0811015e-08 2.0917325e-08 2.1026580e-08 2.1138863e-08 2.1254258e-08 2.1372849e-08 2.1494724e-08 2.1619972e-08 2.1748684e-08 2.1880952e-08 2.2016872e-08 2.2156540e-08 2.2300055e-08 2.2447518e-08 2.2599030e-08 2.2754697e-08 2.2914624e-08 2.3078921e-08 2.3247698e-08 2.3421067e-08 2.3599143e-08 2.3782041e-08 2.3969881e-08 2.4162782e-08 2.4360867e-08 2.4564260e-08 2.4773086e-08 2.4987473e-08 2.5207552e-08 2.5433451e-08 2.5665306e-08 2.5903250e-08 2.6147420e-08 2.6397952e-08 2.6654987e-08 2.6918664e-08 2.7189124e-08 2.7466512e-08 2.7750969e-08 2.8042642e-08 2.8341674e-08 2.8648213e-08 2.8962406e-08 2.9284398e-08 2.9614337e-08 2.9952371e-08 3.0298646e-08
2.0953788e-08 2.1051182e-08 2.1151271e-08 2.1254135e-08 2.1359851e-08 2.1468502e-08 2.1580170e-08 2.1694939e-08 2.1812897e-08 2.1934132e-08 2.2058735e-08 2.2186798e-08 2.2318414e-08 2.2453682e-08 2.2592698e-08 2.2735564e-08 2.2882381e-08 2.3033254e-08 2.3188290e-08 2.3347597e-08 2.3511286e-08 2.3679469e-08 2.3852261e-08 2.4029780e-08 2.4212143e-08 2.4399472e-08 2.4591890e-08 2.4789521e-08 2.4992494e-08 2.5200936e-08 2.5414979e-08 2.5634756e-08 2.5860400e-08 2.6092050e-08 2.6329842e-08 2.6573918e-08 2.6824418e-08 2.7081485e-08 2.7345265e-08 2.7615903e-08 2.7893546e-08 2.8178343e-08 2.8470444e-08 2.8769999e-08 2.9077159e-08 2.9392076e-08 2.9714903e-08 3.0045793e-08 3.0384898e-08 3.0732372e-08
2.1416077e-08 2.1512955e-08 2.1612512e-08 2.1714827e-08 2.1819979e-08 2.1928052e-08 2.2039129e-08 2.2153295e-08 2.2270640e-08 2.2391252e-08 2.2515223e-08 2.2642648e-08 2.2773621e-08 2.2908242e-08 2.3046609e-08 2.3188826e-08 2.3334995e-08 2.3485224e-08 2.3639621e-08 2.3798296e-08 2.3961363e-08 2.4128935e-08 2.4301131e-08 2.4478069e-08 2.4659871e-08 2.4846660e-08 2.5038563e-08 2.5235706e-08 2.5438221e-08 2.5646239e-08 2.5859894e-08 2.6079323e-08 2.6304663e-08 2.6536055e-08 2.6773641e-08 2.7017565e-08 2.7267971e-08 2.7525009e-08 2.7788826e-08 2.8059572e-08 2.8337401e-08 2.8622465e-08 2.8914919e-08 2.9214918e-08 2.9522619e-08 2.9838180e-08 3.0161758e-08 3.0493512e-08 3.0833601e-08 3.1182185e-08
2.1896487e-08 2.1992895e-08 2.2091962e-08 2.2193767e-08 2.2298393e-08 2.2405923e-08 2.2516440e-08 2.2630033e-08 2.2746790e-08 2.2866803e-08 2.2990164e-08 2.3116969e-08 2.3247315e-08 2.3381302e-08 2.3519030e-08 2.3660604e-08 2.3806130e-08 2.3955715e-08 2.4109470e-08 2.4267509e-08 2.4429944e-08 2.4596895e-08 2.4768479e-08 2.4944820e-08 2.5126040e-08 2.5312266e-08 2.5503627e-08 2.5700252e-08 2.5902276e-08 2.6109834e-08 2.6323062e-08 2.6542100e-08 2.6767090e-08 2.6998176e-08 2.7235504e-08 2.7479221e-08 2.7729477e-08 2.7986424e-08 2.8250215e-08 2.8521004e-08 2.8798950e-08 2.9084209e-08 2.9376941e-08 2.9677308e-08 2.9985471e-08 3.0301593e-08 3.0625839e-08 3.0958371e-08 3.1299357e-08 3.1648961e-08
2.2395690e-08 2.2491679e-08 2.2590306e-08 2.2691650e-08 2.2795795e-08 2.2902823e-08 2.3012821e-08 2.3125878e-08 2.3242083e-08 2.3361528e-08 2.3484308e-08 2.3610519e-08 2.3740260e-08 2.3873633e-08 2.4010739e-08 2.4151685e-08 2.4296577e-08 2.4445527e-08 2.4598646e-08 2.4756049e-08 2.4917852e-08 2.5084176e-08 2.5255141e-08 2.5430873e-08 2.5611496e-08 2.5797141e-08 2.5987938e-08 2.6184022e-08 2.6385527e-08 2.6592592e-08 2.6805359e-08 2.7023969e-08 2.7248568e-08 2.7479304e-08 2.7716326e-08 2.7959786e-08 2.8209837e-08 2.8466636e-08 2.8730340e-08 2.9001109e-08 2.9279105e-08 2.9564489e-08 2.9857428e-08 3.0158088e-08 3.0466635e-08 3.0783238e-08 3.1108067e-08 3.1441294e-08 3.1783088e-08 3.2133622e-08
2.2914367e-08 2.3010000e-08 2.3108246e-08 2.3209186e-08 2.3312903e-08 2.3419481e-08 2.3529009e-08 2.3641575e-08 2.3757270e-08 2.3876188e-08 2.3998424e-08 2.4124076e-08 2.4253244e-08 2.4386030e-08 2.4522539e-08 2.4662878e-08 2.4807157e-08 2.4955487e-08 2.5107981e-08 2.5264757e-08 2.5425934e-08 2.5591634e-08 2.5761979e-08 2.5937097e-08 2.6117116e-08 2.6302168e-08 2.6492387e-08 2.6687910e-08 2.6888874e-08 2.7095423e-08 2.7307698e-08 2.7525848e-08 2.7750020e-08 2.7980366e-08 2.8217040e-08 2.8460195e-08 2.8709992e-08 2.8966590e-08 2.9230151e-08 2.9500839e-08 2.9778821e-08 3.0064265e-08 3.0357341e-08 3.0658220e-08 3.0967075e-08 3.1284080e-08 3.1609412e-08 3.1943247e-08 3.2285763e-08 3.2637138e-08
2.3453217e-08 2.3548565e-08 2.3646499e-08 2.3747100e-08 2.3850453e-08 2.3956643e-08 2.4065758e-08 2.4177888e-08 2.4293126e-08 2.4411565e-08 2.4533303e-08 2.4658439e-08 2.4787074e-08 2.4919311e-08 2.5055258e-08 2.5195021e-08 2.5338713e-08 2.5486446e-08 2.5638337e-08 2.5794504e-08 2.5955068e-08 2.6120153e-08 2.6289885e-08 2.6464392e-08 2.6643806e-08 2.6828262e-08 2.7017895e-08 2.7212845e-08 2.7413254e-08 2.7619266e-08 2.7831029e-08 2.8048692e-08 2.8272407e-08 2.8502329e-08 2.8738616e-08 2.8981427e-08 2.9230924e-08 2.9487272e-08 2.9750637e-08 3.0021189e-08 3.0299098e-08 3.0584538e-08 3.0877684e-08 3.1178713e-08 3.1487802e-08 3.1805134e-08 3.2130889e-08 3.2465250e-08 3.2808401e-08 3.3160528e-08
2.4012954e-08 2.4108098e-08 2.4205798e-08 2.4306137e-08 2.4409199e-08 2.4515070e-08 2.4623840e-08 2.4735600e-08 2.4850442e-08 2.4968463e-08 2.5089759e-08 2.5214432e-08 2.5342583e-08 2.5474318e-08 2.5609744e-08 2.5748972e-08 2.5892113e-08 2.6039284e-08 2.6190601e-08 2.6346184e-08 2.6506158e-08 2.6670648e-08 2.6839781e-08 2.7013690e-08 2.7192507e-08 2.7376369e-08 2.7565417e-08 2.7759791e-08 2.7959637e-08 2.8165101e-08 2.8376335e-08 2.8593492e-08 2.8816727e-08 2.9046198e-08 2.9282067e-08 2.9524498e-08 2.9773656e-08 3.0029711e-08 3.0292834e-08 3.0563198e-08 3.0840980e-08 3.1126357e-08 3.1419510e-08 3.1720622e-08 3.2029877e-08 3.2347461e-08 3.2673561e-08 3.3008368e-08 3.3352072e-08 3.3704864e-08
2.4594301e-08 2.4689333e-08 2.4786889e-08 2.4887052e-08 2.4989908e-08 2.5095543e-08 2.5204046e-08 2.5315511e-08 2.5430031e-08 2.5547702e-08 2.5668623e-08 2.5792896e-08 2.5920624e-08 2.6051913e-08 2.6186873e-08 2.6325615e-08 2.6468253e-08 2.6614904e-08 2.6765686e-08 2.6920723e-08 2.7080138e-08 2.7244061e-08 2.7412621e-08 2.7585951e-08 2.7764188e-08 2.7947471e-08 2.8135941e-08 2.8329744e-08 2.8529028e-08 2.8733941e-08 2.8944640e-08 2.9161278e-08 2.9384017e-08 2.9613018e-08 2.9848445e-08 3.0090467e-08 3.0339254e-08 3.0594979e-08 3.0857818e-08 3.1127950e-08 3.1405554e-08 3.1690815e-08 3.1983919e-08 3.2285053e-08 3.2594407e-08 3.2912173e-08 3.3238546e-08 3.3573721e-08 3.3917896e-08 3.4271269e-08
2.5197998e-08 2.5293021e-08 2.5390534e-08 2.5490620e-08 2.5593364e-08 2.5698855e-08 2.5807183e-08 2.5918440e-08 2.6032721e-08 2.6150123e-08 2.6270747e-08 2.6394695e-08 2.6522071e-08 2.6652983e-08 2.6787542e-08 2.6925859e-08 2.7068051e-08 2.7214236e-08 2.7364534e-08 2.7519070e-08 2.7677970e-08 2.7841365e-08 2.8009386e-08 2.8182169e-08 2.8359853e-08 2.8542579e-08 2.8730491e-08 2.8923737e-08 2.9122468e-08 2.9326837e-08 2.9537001e-08 2.9753119e-08 2.9975355e-08 3.0203873e-08 3.0438843e-08 3.0680435e-08 3.0928826e-08 3.1184192e-08 3.1446713e-08 3.1716574e-08 3.1993958e-08 3.2279056e-08 3.2572058e-08 3.2873157e-08 3.3182550e-08 3.3500435e-08 3.3827012e-08 3.4162482e-08 3.4507051e-08 3.4860924e-08
2.5824794e-08 2.5919925e-08 2.6017508e-08 2.6117627e-08 2.6220368e-08 2.6325819e-08 2.6434073e-08 2.6545221e-08 2.6659360e-08 2.6776587e-08 2.6897004e-08 2.7020713e-08 2.7147821e-08 2.7278436e-08 2.7412669e-08 2.7550635e-08 2.7692450e-08 2.7838235e-08 2.7988111e-08 2.8142205e-08 2.8300644e-08 2.8463561e-08 2.8631089e-08 2.8803367e-08 2.8980536e-08 2.9162738e-08 2.9350122e-08 2.9542836e-08 2.9741035e-08 2.9944876e-08 3.0154517e-08 3.0370122e-08 3.0591856e-08 3.0819890e-08 3.1054395e-08 3.1295547e-08 3.1543525e-08 3.1798510e-08 3.2060688e-08 3.2330247e-08 3.2607376e-08 3.2892270e-08 3.3185126e-08 3.3486141e-08 3.3795519e-08 3.4113463e-08 3.4440180e-08 3.4775878e-08 3.5120769e-08 3.5475065e-08
2.6475452e-08 2.6570818e-08 2.6668597e-08 2.6768872e-08 2.6871730e-08 2.6977261e-08 2.7085555e-08 2.7196707e-08 2.7310813e-08 2.7427971e-08 2.7548283e-08 2.7671854e-08 2.7798789e-08 2.7929200e-08 2.8063198e-08 2.8200898e-08 2.8342419e-08 2.8487882e-08 2.8637411e-08 2.8791132e-08 2.8949177e-08 2.9111679e-08 2.9278773e-08 2.9450600e-08 2.9627303e-08 2.9809028e-08 2.9995924e-08 3.0188143e-08 3.0385843e-08 3.0589182e-08 3.0798322e-08 3.1013431e-08 3.1234678e-08 3.1462235e-08 3.1696279e-08 3.1936989e-08 3.2184547e-08 3.2439141e-08 3.2700959e-08 3.2970194e-08 3.3247041e-08 3.3531700e-08 3.3824372e-08 3.4125262e-08 3.4434577e-08 3.4752529e-08 3.5079328e-08 3.5415192e-08 3.5760338e-08 3.6114986e-08
2.7150743e-08 2.7246487e-08 2.7344600e-08 2.7445169e-08 2.7548279e-08 2.7654020e-08 2.7762484e-08 2.7873765e-08 2.7987961e-08 2.8105170e-08 2.8225494e-08 2.8349040e-08 2.8475914e-08 2.8606226e-08 2.8740092e-08 2.8877626e-08 2.9018949e-08 2.9164182e-08 2.9313451e-08 2.9466885e-08 2.9624615e-08 2.9786778e-08 2.9953510e-08 3.0124954e-08 3.0301254e-08 3.0482559e-08 3.0669021e-08 3.0860795e-08 3.1058039e-08 3.1260916e-08 3.1469592e-08 3.1684235e-08 3.1905019e-08 3.2132119e-08 3.2365716e-08 3.2605993e-08 3.2853136e-08 3.3107337e-08 3.3368789e-08 3.3637688e-08 3.3914237e-08 3.4198638e-08 3.4491099e-08 3.4791830e-08 3.5101044e-08 3.5418959e-08 3.5745793e-08 3.6081768e-08 3.6427109e-08 3.6782043e-08
2.7851448e-08 2.7947726e-08 2.8046328e-08 2.8147342e-08 2.8250852e-08 2.8356950e-08 2.8465727e-08 2.8577278e-08 2.8691701e-08 2.8809095e-08 2.8929564e-08 2.9053212e-08 2.9180149e-08 2.9310486e-08 2.9444336e-08 2.9581819e-08 2.9723053e-08 2.9868163e-08 3.0017276e-08 3.0170521e-08 3.0328032e-08 3.0489945e-08 3.0656401e-08 3.0827543e-08 3.1003518e-08 3.1184476e-08 3.1370572e-08 3.1561963e-08 3.1758810e-08 3.1961278e-08 3.2169537e-08 3.2383757e-08 3.2604116e-08 3.2830792e-08 3.3063969e-08 3.3303835e-08 3.3550580e-08 3.3804398e-08 3.4065489e-08 3.4334053e-08 3.4610296e-08 3.4894428e-08 3.5186660e-08 3.5487210e-08 3.5796294e-08 3.6114138e-08 3.6440965e-08 3.6777006e-08 3.7122491e-08 3.7477654e-08
2.8578358e-08 2.8675340e-08 2.8774601e-08 2.8876225e-08 2.8980300e-08 2.9086916e-08 2.9196165e-08 2.9308142e-08 2.9422945e-08 2.9540675e-08 2.9661434e-08 2.9785329e-08 2.9912470e-08 3.0042967e-08 3.0176937e-08 3.0314497e-08 3.0455770e-08 3.0600879e-08 3.0749954e-08 3.0903124e-08 3.1060525e-08 3.1222296e-08 3.1388577e-08 3.1559514e-08 3.1735255e-08 3.1915954e-08 3.2101767e-08 3.2292853e-08 3.2489376e-08 3.2691504e-08 3.2899408e-08 3.3113263e-08 3.3333249e-08 3.3559547e-08 3.3792346e-08 3.4031836e-08 3.4278212e-08 3.4531673e-08 3.4792420e-08 3.5060661e-08 3.5336606e-08 3.5620469e-08 3.5912467e-08 3.6212822e-08 3.6521760e-08 3.6839508e-08 3.7166300e-08 3.7502369e-08 3.7847956e-08 3.8203301e-08
2.9332268e-08 2.9430142e-08 2.9530245e-08 2.9632663e-08 2.9737483e-08 2.9844795e-08 2.9954691e-08 3.0067267e-08 3.0182620e-08 3.0300851e-08 3.0422065e-08 3.0546367e-08 3.0673868e-08 3.0804680e-08 3.0938919e-08 3.1076704e-08 3.1218158e-08 3.1363405e-08 3.1512576e-08 3.1665803e-08 3.1823222e-08 3.1984972e-08 3.2151196e-08 3.2322042e-08 3.2497659e-08 3.2678203e-08 3.2863832e-08 3.3054707e-08 3.3250996e-08 3.3452867e-08 3.3660495e-08 3.3874058e-08 3.4093738e-08 3.4319721e-08 3.4552198e-08 3.4791363e-08 3.5037415e-08 3.5290556e-08 3.5550993e-08 3.5818937e-08 3.6094603e-08 3.6378211e-08 3.6669982e-08 3.6970145e-08 3.7278930e-08 3.7596572e-08 3.7923309e-08 3.8259383e-08 3.8605040e-08 3.8960529e-08
3.0113981e-08 3.0212951e-08 3.0314099e-08 3.0417510e-08 3.0523271e-08 3.0631473e-08 3.0742209e-08 3.0855572e-08 3.0971662e-08 3.1090579e-08 3.1212428e-08 3.1337315e-08 3.1465351e-08 3.1596649e-08 3.1731326e-08 3.1869500e-08 3.2011295e-08 3.2156838e-08 3.2306259e-08 3.2459691e-08 3.2617272e-08 3.2779141e-08 3.2945445e-08 3.3116331e-08 3.3291951e-08 3.3472462e-08 3.3658024e-08 3.3848800e-08 3.4044961e-08 3.4246676e-08 3.4454124e-08 3.4667486e-08 3.4886945e-08 3.5112692e-08 3.5344919e-08 3.5583826e-08 3.5829614e-08 3.6082491e-08 3.6342666e-08 3.6610355e-08 3.6885778e-08 3.7169160e-08 3.7460727e-08 3.7760713e-08 3.8069354e-08 3.8386892e-08 3.8713569e-08 3.9049637e-08 3.9395346e-08 3.9750953e-08
3.0924306e-08 3.1024592e-08 3.1127003e-08 3.1231624e-08 3.1338542e-08 3.1447847e-08 3.1559631e-08 3.1673990e-08 3.1791021e-08 3.1910827e-08 3.2033511e-08 3.2159180e-08 3.2287944e-08 3.2419918e-08 3.2555218e-08 3.2693965e-08 3.2836282e-08 3.2982296e-08 3.3132139e-08 3.3285944e-08 3.3443850e-08 3.3605999e-08 3.3772537e-08 3.3943613e-08 3.4119382e-08 3.4300001e-08 3.4485631e-08 3.4676440e-08 3.4872598e-08 3.5074278e-08 3.5281661e-08 3.5494929e-08 3.5714271e-08 3.5939879e-08 3.6171949e-08 3.6410682e-08 3.6656286e-08 3.6908969e-08 3.7168948e-08 3.7436442e-08 3.7711675e-08 3.7994875e-08 3.8286277e-08 3.8586118e-08 3.8894640e-08 3.9212090e-08 3.9538720e-08 3.9874783e-08 4.0220540e-08 4.0576254e-08
