Pycode/rasters/asc_loose/q500.asc
ncols 547
nrows 547
xllcenter 78150.12
yllcenter 235911.50
cellsize 4
nodata_value -9999
[rows 374 to 395 of 547, columns 50 to 99 of 547]
1.6000104e-08 1.6025573e-08 1.6049771e-08 1.6072672e-08 1.6094248e-08 1.6114474e-08 1.6133322e-08 1.6150766e-08 1.6166780e-08 1.6181337e-08 1.6194411e-08 1.6205976e-08 1.6216004e-08 1.6224472e-08 1.6231351e-08 1.6236617e-08 1.6240245e-08 1.6242208e-08 1.6242483e-08 1.6241043e-08 1.6237865e-08 1.6232925e-08 1.6226198e-08 1.6217661e-08 1.6207292e-08 1.6195067e-08 1.6180964e-08 1.6164963e-08 1.6147040e-08 1.6127177e-08 1.6105352e-08 1.6081547e-08 1.6055742e-08 1.6027920e-08 1.5998062e-08 1.5966152e-08 1.5932173e-08 1.5896112e-08 1.5857952e-08 1.5817681e-08 1.5775285e-08 1.5730752e-08 1.5684073e-08 1.5635236e-08 1.5584233e-08 1.5531055e-08 1.5475696e-08 1.5418149e-08 1.5358411e-08 1.5296476e-08
1.5512738e-08 1.5533448e-08 1.5552874e-08 1.5570993e-08 1.5587779e-08 1.5603208e-08 1.5617254e-08 1.5629892e-08 1.5641098e-08 1.5650847e-08 1.5659114e-08 1.5665875e-08 1.5671105e-08 1.5674781e-08 1.5676878e-08 1.5677373e-08 1.5676242e-08 1.5673463e-08 1.5669012e-08 1.5662866e-08 1.5655004e-08 1.5645404e-08 1.5634044e-08 1.5620903e-08 1.5605961e-08 1.5589198e-08 1.5570594e-08 1.5550129e-08 1.5527786e-08 1.5503546e-08 1.5477392e-08 1.5449307e-08 1.5419276e-08 1.5387282e-08 1.5353312e-08 1.5317351e-08 1.5279386e-08 1.5239404e-08 1.5197396e-08 1.5153349e-08 1.5107254e-08 1.5059102e-08 1.5008885e-08 1.4956596e-08 1.4902230e-08 1.4845781e-08 1.4787246e-08 1.4726622e-08 1.4663907e-08 1.4599101e-08
1.5034342e-08 1.5050506e-08 1.5065381e-08 1.5078943e-08 1.5091169e-08 1.5102034e-08 1.5111516e-08 1.5119591e-08 1.5126236e-08 1.5131429e-08 1.5135146e-08 1.5137364e-08 1.5138062e-08 1.5137217e-08 1.5134807e-08 1.5130811e-08 1.5125207e-08 1.5117973e-08 1.5109091e-08 1.5098538e-08 1.5086295e-08 1.5072343e-08 1.5056662e-08 1.5039235e-08 1.5020041e-08 1.4999065e-08 1.4976288e-08 1.4951695e-08 1.4925270e-08 1.4896996e-08 1.4866859e-08 1.4834846e-08 1.4800943e-08 1.4765137e-08 1.4727416e-08 1.4687770e-08 1.4646187e-08 1.4602659e-08 1.4557177e-08 1.4509733e-08 1.4460321e-08 1.4408934e-08 1.4355567e-08 1.4300216e-08 1.4242879e-08 1.4183554e-08 1.4122239e-08 1.4058934e-08 1.3993642e-08 1.3926363e-08
1.4564954e-08 1.4576788e-08 1.4587330e-08 1.4596557e-08 1.4604448e-08 1.4610981e-08 1.4616134e-08 1.4619885e-08 1.4622214e-08 1.4623098e-08 1.4622518e-08 1.4620451e-08 1.4616878e-08 1.4611777e-08 1.4605131e-08 1.4596917e-08 1.4587118e-08 1.4575715e-08 1.4562688e-08 1.4548020e-08 1.4531692e-08 1.4513688e-08 1.4493991e-08 1.4472584e-08 1.4449452e-08 1.4424579e-08 1.4397951e-08 1.4369554e-08 1.4339374e-08 1.4307398e-08 1.4273614e-08 1.4238011e-08 1.4200578e-08 1.4161306e-08 1.4120183e-08 1.4077204e-08 1.4032359e-08 1.3985642e-08 1.3937047e-08 1.3886570e-08 1.3834205e-08 1.3779950e-08 1.3723803e-08 1.3665762e-08 1.3605827e-08 1.3543999e-08 1.3480280e-08 1.3414673e-08 1.3347181e-08 1.3277809e-08
1.4104612e-08 1.4112326e-08 1.4118750e-08 1.4123862e-08 1.4127642e-08 1.4130071e-08 1.4131127e-08 1.4130790e-08 1.4129042e-08 1.4125863e-08 1.4121233e-08 1.4115133e-08 1.4107545e-08 1.4098450e-08 1.4087831e-08 1.4075670e-08 1.4061948e-08 1.4046651e-08 1.4029761e-08 1.4011261e-08 1.3991137e-08 1.3969374e-08 1.3945956e-08 1.3920870e-08 1.3894103e-08 1.3865641e-08 1.3835472e-08 1.3803584e-08 1.3769967e-08 1.3734609e-08 1.3697502e-08 1.3658636e-08 1.3618004e-08 1.3575597e-08 1.3531409e-08 1.3485434e-08 1.3437667e-08 1.3388104e-08 1.3336741e-08 1.3283577e-08 1.3228609e-08 1.3171837e-08 1.3113262e-08 1.3052884e-08 1.2990706e-08 1.2926731e-08 1.2860965e-08 1.2793411e-08 1.2724077e-08 1.2652970e-08
1.3653345e-08 1.3657149e-08 1.3659667e-08 1.3660881e-08 1.3660771e-08 1.3659319e-08 1.3656506e-08 1.3652314e-08 1.3646725e-08 1.3639721e-08 1.3631285e-08 1.3621400e-08 1.3610049e-08 1.3597215e-08 1.3582882e-08 1.3567035e-08 1.3549658e-08 1.3530736e-08 1.3510256e-08 1.3488202e-08 1.3464563e-08 1.3439324e-08 1.3412473e-08 1.3383999e-08 1.3353890e-08 1.3322136e-08 1.3288726e-08 1.3253651e-08 1.3216903e-08 1.3178474e-08 1.3138355e-08 1.3096541e-08 1.3053026e-08 1.3007805e-08 1.2960872e-08 1.2912226e-08 1.2861863e-08 1.2809782e-08 1.2755981e-08 1.2700461e-08 1.2643222e-08 1.2584267e-08 1.2523598e-08 1.2461218e-08 1.2397133e-08 1.2331349e-08 1.2263871e-08 1.2194708e-08 1.2123869e-08 1.2051362e-08
1.3211177e-08 1.3211277e-08 1.3210100e-08 1.3207629e-08 1.3203846e-08 1.3198734e-08 1.3192277e-08 1.3184457e-08 1.3175259e-08 1.3164666e-08 1.3152663e-08 1.3139234e-08 1.3124365e-08 1.3108040e-08 1.3090247e-08 1.3070970e-08 1.3050196e-08 1.3027914e-08 1.3004109e-08 1.2978771e-08 1.2951888e-08 1.2923449e-08 1.2893445e-08 1.2861864e-08 1.2828698e-08 1.2793939e-08 1.2757579e-08 1.2719610e-08 1.2680027e-08 1.2638823e-08 1.2595993e-08 1.2551533e-08 1.2505439e-08 1.2457710e-08 1.2408341e-08 1.2357334e-08 1.2304686e-08 1.2250399e-08 1.2194474e-08 1.2136913e-08 1.2077719e-08 1.2016897e-08 1.1954452e-08 1.1890389e-08 1.1824715e-08 1.1757438e-08 1.1688568e-08 1.1618113e-08 1.1546084e-08 1.1472495e-08
1.2778129e-08 1.2774728e-08 1.2770062e-08 1.2764116e-08 1.2756873e-08 1.2748318e-08 1.2738436e-08 1.2727212e-08 1.2714631e-08 1.2700679e-08 1.2685343e-08 1.2668607e-08 1.2650460e-08 1.2630889e-08 1.2609880e-08 1.2587423e-08 1.2563506e-08 1.2538117e-08 1.2511248e-08 1.2482886e-08 1.2453024e-08 1.2421652e-08 1.2388763e-08 1.2354348e-08 1.2318400e-08 1.2280914e-08 1.2241882e-08 1.2201302e-08 1.2159167e-08 1.2115474e-08 1.2070221e-08 1.2023405e-08 1.1975025e-08 1.1925079e-08 1.1873569e-08 1.1820496e-08 1.1765860e-08 1.1709665e-08 1.1651914e-08 1.1592612e-08 1.1531764e-08 1.1469375e-08 1.1405453e-08 1.1340007e-08 1.1273044e-08 1.1204574e-08 1.1134609e-08 1.1063161e-08 1.0990240e-08 1.0915863e-08
1.2354213e-08 1.2347510e-08 1.2339559e-08 1.2330343e-08 1.2319850e-08 1.2308065e-08 1.2294974e-08 1.2280564e-08 1.2264823e-08 1.2247737e-08 1.2229294e-08 1.2209483e-08 1.2188292e-08 1.2165710e-08 1.2141727e-08 1.2116332e-08 1.2089516e-08 1.2061270e-08 1.2031585e-08 1.2000454e-08 1.1967869e-08 1.1933822e-08 1.1898308e-08 1.1861322e-08 1.1822857e-08 1.1782910e-08 1.1741477e-08 1.1698555e-08 1.1654141e-08 1.1608235e-08 1.1560834e-08 1.1511939e-08 1.1461550e-08 1.1409669e-08 1.1356299e-08 1.1301441e-08 1.1245099e-08 1.1187279e-08 1.1127986e-08 1.1067226e-08 1.1005006e-08 1.0941334e-08 1.0876220e-08 1.0809672e-08 1.0741702e-08 1.0672321e-08 1.0601542e-08 1.0529379e-08 1.0455844e-08 1.0380955e-08
1.1939435e-08 1.1929627e-08 1.1918589e-08 1.1906307e-08 1.1892768e-08 1.1877961e-08 1.1861872e-08 1.1844491e-08 1.1825805e-08 1.1805805e-08 1.1784479e-08 1.1761817e-08 1.1737809e-08 1.1712448e-08 1.1685722e-08 1.1657625e-08 1.1628148e-08 1.1597285e-08 1.1565028e-08 1.1531372e-08 1.1496310e-08 1.1459838e-08 1.1421951e-08 1.1382646e-08 1.1341919e-08 1.1299768e-08 1.1256192e-08 1.1211188e-08 1.1164757e-08 1.1116898e-08 1.1067614e-08 1.1016905e-08 1.0964773e-08 1.0911223e-08 1.0856259e-08 1.0799884e-08 1.0742105e-08 1.0682928e-08 1.0622360e-08 1.0560410e-08 1.0497087e-08 1.0432399e-08 1.0366358e-08 1.0298975e-08 1.0230263e-08 1.0160234e-08 1.0088903e-08 1.0016285e-08 9.9423950e-09 9.8672503e-09
1.1533795e-08 1.1521075e-08 1.1507145e-08 1.1491995e-08 1.1475611e-08 1.1457985e-08 1.1439104e-08 1.1418960e-08 1.1397542e-08 1.1374841e-08 1.1350847e-08 1.1325554e-08 1.1298951e-08 1.1271033e-08 1.1241791e-08 1.1211220e-08 1.1179313e-08 1.1146065e-08 1.1111470e-08 1.1075525e-08 1.1038225e-08 1.0999567e-08 1.0959549e-08 1.0918169e-08 1.0875425e-08 1.0831317e-08 1.0785844e-08 1.0739007e-08 1.0690808e-08 1.0641249e-08 1.0590332e-08 1.0538061e-08 1.0484440e-08 1.0429474e-08 1.0373168e-08 1.0315531e-08 1.0256568e-08 1.0196287e-08 1.0134698e-08 1.0071811e-08 1.0007635e-08 9.9421827e-09 9.8754654e-09 9.8074963e-09 9.7382891e-09 9.6678585e-09 9.5962199e-09 9.5233895e-09 9.4493845e-09 9.3742225e-09
1.1137287e-08 1.1121843e-08 1.1105213e-08 1.1087387e-08 1.1068356e-08 1.1048109e-08 1.1026637e-08 1.1003933e-08 1.0979988e-08 1.0954794e-08 1.0928344e-08 1.0900631e-08 1.0871648e-08 1.0841390e-08 1.0809851e-08 1.0777026e-08 1.0742911e-08 1.0707502e-08 1.0670796e-08 1.0632790e-08 1.0593481e-08 1.0552869e-08 1.0510952e-08 1.0467730e-08 1.0423203e-08 1.0377373e-08 1.0330241e-08 1.0281809e-08 1.0232080e-08 1.0181059e-08 1.0128749e-08 1.0075155e-08 1.0020284e-08 9.9641424e-09 9.9067368e-09 9.8480757e-09 9.7881678e-09 9.7270228e-09 9.6646511e-09 9.6010638e-09 9.5362727e-09 9.4702907e-09 9.4031311e-09 9.3348083e-09 9.2653373e-09 9.1947338e-09 9.1230145e-09 9.0501969e-09 8.9762989e-09 8.9013395e-09
1.0749897e-08 1.0731914e-08 1.0712770e-08 1.0692458e-08 1.0670969e-08 1.0648296e-08 1.0624429e-08 1.0599364e-08 1.0573091e-08 1.0545607e-08 1.0516904e-08 1.0486977e-08 1.0455822e-08 1.0423434e-08 1.0389808e-08 1.0354943e-08 1.0318835e-08 1.0281482e-08 1.0242881e-08 1.0203033e-08 1.0161936e-08 1.0119590e-08 1.0075997e-08 1.0031156e-08 9.9850716e-09 9.9377447e-09 9.8891789e-09 9.8393781e-09 9.7883469e-09 9.7360905e-09 9.6826148e-09 9.6279264e-09 9.5720328e-09 9.5149419e-09 9.4566626e-09 9.3972042e-09 9.3365772e-09 9.2747923e-09 9.2118614e-09 9.1477968e-09 9.0826118e-09 9.0163202e-09 8.9489367e-09 8.8804767e-09 8.8109563e-09 8.7403924e-09 8.6688027e-09 8.5962054e-09 8.5226196e-09 8.4480651e-09
1.0371606e-08 1.0351263e-08 1.0329788e-08 1.0307174e-08 1.0283414e-08 1.0258502e-08 1.0232430e-08 1.0205195e-08 1.0176790e-08 1.0147210e-08 1.0116452e-08 1.0084511e-08 1.0051384e-08 1.0017068e-08 9.9815609e-09 9.9448606e-09 9.9069659e-09 9.8678760e-09 9.8275907e-09 9.7861104e-09 9.7434361e-09 9.6995692e-09 9.6545121e-09 9.6082675e-09 9.5608387e-09 9.5122298e-09 9.4624455e-09 9.4114911e-09 9.3593726e-09 9.3060966e-09 9.2516706e-09 9.1961024e-09 9.1394009e-09 9.0815753e-09 9.0226357e-09 8.9625930e-09 8.9014586e-09 8.8392446e-09 8.7759640e-09 8.7116302e-09 8.6462577e-09 8.5798614e-09 8.5124569e-09 8.4440607e-09 8.3746897e-09 8.3043619e-09 8.2330956e-09 8.1609098e-09 8.0878245e-09 8.0138601e-09
1.0002387e-08 9.9798592e-09 9.9562300e-09 9.9314932e-09 9.9056432e-09 9.8786748e-09 9.8505833e-09 9.8213644e-09 9.7910141e-09 9.7595291e-09 9.7269065e-09 9.6931437e-09 9.6582389e-09 9.6221905e-09 9.5849976e-09 9.5466597e-09 9.5071771e-09 9.4665504e-09 9.4247807e-09 9.3818700e-09 9.3378205e-09 9.2926352e-09 9.2463177e-09 9.1988722e-09 9.1503034e-09 9.1006167e-09 9.0498181e-09 8.9979144e-09 8.9449128e-09 8.8908212e-09 8.8356483e-09 8.7794033e-09 8.7220962e-09 8.6637374e-09 8.6043383e-09 8.5439107e-09 8.4824673e-09 8.4200212e-09 8.3565864e-09 8.2921774e-09 8.2268095e-09 8.1604986e-09 8.0932612e-09 8.0251145e-09 7.9560765e-09 7.8861654e-09 7.8154006e-09 7.7438017e-09 7.6713890e-09 7.5981836e-09
9.6422048e-09 9.6176636e-09 9.5920525e-09 9.5653670e-09 9.5376027e-09 9.5087557e-09 9.4788226e-09 9.4478005e-09 9.4156868e-09 9.3824794e-09 9.3481768e-09 9.3127778e-09 9.2762817e-09 9.2386886e-09 9.1999987e-09 9.1602130e-09 9.1193330e-09 9.0773607e-09 9.0342986e-09 8.9901498e-09 8.9449181e-09 8.8986077e-09 8.8512235e-09 8.8027708e-09 8.7532558e-09 8.7026851e-09 8.6510660e-09 8.5984063e-09 8.5447145e-09 8.4899997e-09 8.4342718e-09 8.3775410e-09 8.3198183e-09 8.2611155e-09 8.2014447e-09 8.1408190e-09 8.0792517e-09 8.0167572e-09 7.9533501e-09 7.8890459e-09 7.8238607e-09 7.7578111e-09 7.6909144e-09 7.6231885e-09 7.5546518e-09 7.4853233e-09 7.4152229e-09 7.3443705e-09 7.2727871e-09 7.2004939e-09
9.2910197e-09 9.2646306e-09 9.2372050e-09 9.2087395e-09 9.1792311e-09 9.1486771e-09 9.1170754e-09 9.0844243e-09 9.0507225e-09 9.0159692e-09 8.9801641e-09 8.9433073e-09 8.9053995e-09 8.8664419e-09 8.8264361e-09 8.7853844e-09 8.7432893e-09 8.7001543e-09 8.6559830e-09 8.6107799e-09 8.5645498e-09 8.5172982e-09 8.4690312e-09 8.4197554e-09 8.3694779e-09 8.3182067e-09 8.2659500e-09 8.2127168e-09 8.1585168e-09 8.1033600e-09 8.0472573e-09 7.9902199e-09 7.9322600e-09 7.8733900e-09 7.8136231e-09 7.7529731e-09 7.6914545e-09 7.6290820e-09 7.5658713e-09 7.5018385e-09 7.4370004e-09 7.3713742e-09 7.3049777e-09 7.2378295e-09 7.1699483e-09 7.1013538e-09 7.0320659e-09 6.9621052e-09 6.8914927e-09 6.8202499e-09
8.9487839e-09 8.9207077e-09 8.8916297e-09 8.8615476e-09 8.8304597e-09 8.7983645e-09 8.7652610e-09 8.7311488e-09 8.6960279e-09 8.6598985e-09 8.6227616e-09 8.5846186e-09 8.5454713e-09 8.5053220e-09 8.4641736e-09 8.4220296e-09 8.3788936e-09 8.3347703e-09 8.2896645e-09 8.2435817e-09 8.1965280e-09 8.1485099e-09 8.0995346e-09 8.0496098e-09 7.9987437e-09 7.9469451e-09 7.8942235e-09 7.8405888e-09 7.7860515e-09 7.7306228e-09 7.6743142e-09 7.6171381e-09 7.5591073e-09 7.5002351e-09 7.4405355e-09 7.3800231e-09 7.3187128e-09 7.2566203e-09 7.1937618e-09 7.1301540e-09 7.0658141e-09 7.0007599e-09 6.9350097e-09 6.8685824e-09 6.8014972e-09 6.7337738e-09 6.6654327e-09 6.5964944e-09 6.5269802e-09 6.4569117e-09
8.6154430e-09 8.5858353e-09 8.5552617e-09 8.5237209e-09 8.4912124e-09 8.4577359e-09 8.4232915e-09 8.3878799e-09 8.3515022e-09 8.3141599e-09 8.2758551e-09 8.2365901e-09 8.1963681e-09 8.1551924e-09 8.1130671e-09 8.0699965e-09 8.0259858e-09 7.9810402e-09 7.9351660e-09 7.8883695e-09 7.8406579e-09 7.7920387e-09 7.7425201e-09 7.6921108e-09 7.6408199e-09 7.5886572e-09 7.5356330e-09 7.4817581e-09 7.4270440e-09 7.3715024e-09 7.3151460e-09 7.2579876e-09 7.2000409e-09 7.1413199e-09 7.0818392e-09 7.0216139e-09 6.9606597e-09 6.8989928e-09 6.8366297e-09 6.7735877e-09 6.7098845e-09 6.6455381e-09 6.5805673e-09 6.5149910e-09 6.4488287e-09 6.3821005e-09 6.3148268e-09 6.2470283e-09 6.1787261e-09 6.1099420e-09
8.2909358e-09 8.2599471e-09 8.2280292e-09 8.1951821e-09 8.1614061e-09 8.1267022e-09 8.0910716e-09 8.0545159e-09 8.0170374e-09 7.9786386e-09 7.9393226e-09 7.8990930e-09 7.8579538e-09 7.8159094e-09 7.7729650e-09 7.7291258e-09 7.6843980e-09 7.6387880e-09 7.5923028e-09 7.5449499e-09 7.4967371e-09 7.4476732e-09 7.3977670e-09 7.3470281e-09 7.2954666e-09 7.2430931e-09 7.1899185e-09 7.1359546e-09 7.0812135e-09 7.0257077e-09 6.9694504e-09 6.9124553e-09 6.8547365e-09 6.7963087e-09 6.7371869e-09 6.6773869e-09 6.6169247e-09 6.5558169e-09 6.4940805e-09 6.4317332e-09 6.3687927e-09 6.3052774e-09 6.2412063e-09 6.1765985e-09 6.1114737e-09 6.0458518e-09 5.9797532e-09 5.9131988e-09 5.8462095e-09 5.7788069e-09
7.9751945e-09 7.9429700e-09 7.9098538e-09 7.8758469e-09 7.8409509e-09 7.8051675e-09 7.7684990e-09 7.7309481e-09 7.6925181e-09 7.6532124e-09 7.6130352e-09 7.5719910e-09 7.5300848e-09 7.4873220e-09 7.4437086e-09 7.3992509e-09 7.3539559e-09 7.3078309e-09 7.2608837e-09 7.2131228e-09 7.1645570e-09 7.1151955e-09 7.0650482e-09 7.0141254e-09 6.9624379e-09 6.9099970e-09 6.8568145e-09 6.8029026e-09 6.7482741e-09 6.6929422e-09 6.6369206e-09 6.5802236e-09 6.5228656e-09 6.4648620e-09 6.4062281e-09 6.3469802e-09 6.2871344e-09 6.2267079e-09 6.1657179e-09 6.1041820e-09 6.0421185e-09 5.9795459e-09 5.9164830e-09 5.8529491e-09 5.7889638e-09 5.7245472e-09 5.6597194e-09 5.5945010e-09 5.5289131e-09 5.4629766e-09
7.6681450e-09 7.6348243e-09 7.6006502e-09 7.5656245e-09 7.5297498e-09 7.4930287e-09 7.4554646e-09 7.4170611e-09 7.3778222e-09 7.3377526e-09 7.2968571e-09 7.2551413e-09 7.2126110e-09 7.1692724e-09 7.1251325e-09 7.0801985e-09 7.0344780e-09 6.9879792e-09 6.9407109e-09 6.8926821e-09 6.8439023e-09 6.7943817e-09 6.7441308e-09 6.6931604e-09 6.6414822e-09 6.5891080e-09 6.5360501e-09 6.4823215e-09 6.4279353e-09 6.3729053e-09 6.3172456e-09 6.2609710e-09 6.2040964e-09 6.1466373e-09 6.0886095e-09 6.0300295e-09 5.9709138e-09 5.9112795e-09 5.8511442e-09 5.7905257e-09 5.7294420e-09 5.6679119e-09 5.6059542e-09 5.5435881e-09 5.4808330e-09 5.4177089e-09 5.3542357e-09 5.2904339e-09 5.2263239e-09 5.1619267e-09
