Pycode/rasters/asc_loose/q875.asc
ncols 433
nrows 433
xllcenter 78900.99
yllcenter 236143.00
cellsize 3
nodata_value -9999
[rows 220 to 241 of 433, columns 0 to 49 of 433]
6.8145939e-08 9.6969244e-08 1.0221168e-07 1.0354325e-07 1.0489812e-07 1.0627681e-07 1.0767986e-07 1.0910780e-07 1.1056118e-07 1.1204059e-07 1.1354661e-07 1.1507984e-07 1.1664091e-07 1.1823046e-07 1.1984913e-07 1.2149761e-07 1.2317659e-07 1.2488678e-07 1.2662891e-07 1.2840373e-07 1.3021203e-07 1.3205460e-07 1.3393225e-07 1.3584585e-07 1.3779624e-07 1.3978434e-07 1.4181105e-07 1.4387733e-07 1.4598416e-07 1.4813253e-07 1.5032350e-07 1.5255811e-07 1.5483748e-07 1.5716274e-07 1.5953505e-07 1.6195562e-07 1.6442569e-07 1.6694654e-07 1.6951950e-07 1.7214592e-07 1.7482721e-07 1.7756482e-07 1.8036026e-07 1.8321505e-07 1.8613081e-07 1.8910917e-07 1.9215185e-07 1.9526059e-07 1.9843721e-07 2.0168359e-07
6.7441495e-08 9.5966296e-08 1.0115363e-07 1.0247045e-07 1.0381031e-07 1.0517372e-07 1.0656121e-07 1.0797330e-07 1.0941057e-07 1.1087356e-07 1.1236286e-07 1.1387907e-07 1.1542280e-07 1.1699468e-07 1.1859537e-07 1.2022553e-07 1.2188584e-07 1.2357700e-07 1.2529975e-07 1.2705483e-07 1.2884300e-07 1.3066505e-07 1.3252180e-07 1.3441408e-07 1.3634275e-07 1.3830869e-07 1.4031281e-07 1.4235605e-07 1.4443938e-07 1.4656379e-07 1.4873031e-07 1.5093998e-07 1.5319391e-07 1.5549320e-07 1.5783901e-07 1.6023254e-07 1.6267501e-07 1.6516768e-07 1.6771187e-07 1.7030892e-07 1.7296022e-07 1.7566720e-07 1.7843134e-07 1.8125418e-07 1.8413728e-07 1.8708228e-07 1.9009086e-07 1.9316475e-07 1.9630576e-07 1.9951573e-07
6.6726967e-08 9.4948894e-08 1.0008018e-07 1.0138186e-07 1.0270631e-07 1.0405403e-07 1.0542553e-07 1.0682136e-07 1.0824205e-07 1.0968817e-07 1.1116028e-07 1.1265898e-07 1.1418488e-07 1.1573859e-07 1.1732076e-07 1.1893205e-07 1.2057313e-07 1.2224470e-07 1.2394748e-07 1.2568219e-07 1.2744961e-07 1.2925050e-07 1.3108568e-07 1.3295595e-07 1.3486218e-07 1.3680523e-07 1.3878601e-07 1.4080544e-07 1.4286447e-07 1.4496409e-07 1.4710531e-07 1.4928917e-07 1.5151674e-07 1.5378913e-07 1.5610749e-07 1.5847298e-07 1.6088682e-07 1.6335025e-07 1.6586458e-07 1.6843113e-07 1.7105126e-07 1.7372640e-07 1.7645801e-07 1.7924760e-07 1.8209672e-07 1.8500698e-07 1.8798004e-07 1.9101762e-07 1.9412149e-07 1.9729348e-07
6.6003216e-08 9.3918269e-08 9.8992636e-08 1.0027881e-07 1.0158748e-07 1.0291912e-07 1.0427426e-07 1.0565341e-07 1.0705712e-07 1.0848593e-07 1.0994042e-07 1.1142115e-07 1.1292874e-07 1.1446381e-07 1.1602697e-07 1.1761888e-07 1.1924021e-07 1.2089164e-07 1.2257389e-07 1.2428767e-07 1.2603374e-07 1.2781287e-07 1.2962584e-07 1.3147346e-07 1.3335659e-07 1.3527607e-07 1.3723279e-07 1.3922768e-07 1.4126166e-07 1.4333571e-07 1.4545083e-07 1.4760805e-07 1.4980841e-07 1.5205303e-07 1.5434301e-07 1.5667952e-07 1.5906376e-07 1.6149696e-07 1.6398040e-07 1.6651537e-07 1.6910324e-07 1.7174540e-07 1.7444330e-07 1.7719842e-07 1.8001229e-07 1.8288651e-07 1.8582271e-07 1.8882257e-07 1.9188786e-07 1.9502038e-07
6.5271089e-08 9.2875628e-08 9.7892273e-08 9.9162615e-08 1.0045515e-07 1.0177037e-07 1.0310877e-07 1.0447087e-07 1.0585721e-07 1.0726832e-07 1.0870476e-07 1.1016712e-07 1.1165597e-07 1.1317193e-07 1.1471562e-07 1.1628768e-07 1.1788877e-07 1.1951956e-07 1.2118076e-07 1.2287308e-07 1.2459725e-07 1.2635404e-07 1.2814422e-07 1.2996859e-07 1.3182799e-07 1.3372325e-07 1.3565526e-07 1.3762492e-07 1.3963314e-07 1.4168090e-07 1.4376917e-07 1.4589896e-07 1.4807132e-07 1.5028733e-07 1.5254809e-07 1.5485474e-07 1.5720847e-07 1.5961049e-07 1.6206205e-07 1.6456445e-07 1.6711901e-07 1.6972712e-07 1.7239019e-07 1.7510969e-07 1.7788713e-07 1.8072407e-07 1.8362213e-07 1.8658297e-07 1.8960832e-07 1.9269994e-07
6.4531411e-08 9.1822152e-08 9.6780349e-08 9.8034546e-08 9.9310634e-08 1.0060909e-07 1.0193042e-07 1.0327513e-07 1.0464373e-07 1.0603677e-07 1.0745480e-07 1.0889838e-07 1.1036809e-07 1.1186453e-07 1.1338833e-07 1.1494009e-07 1.1652049e-07 1.1813017e-07 1.1976984e-07 1.2144019e-07 1.2314195e-07 1.2487587e-07 1.2664271e-07 1.2844327e-07 1.3027835e-07 1.3214880e-07 1.3405548e-07 1.3599927e-07 1.3798108e-07 1.4000186e-07 1.4206257e-07 1.4416421e-07 1.4630782e-07 1.4849444e-07 1.5072517e-07 1.5300114e-07 1.5532350e-07 1.5769345e-07 1.6011223e-07 1.6258110e-07 1.6510138e-07 1.6767442e-07 1.7030162e-07 1.7298442e-07 1.7572431e-07 1.7852282e-07 1.8138154e-07 1.8430211e-07 1.8728623e-07 1.9033563e-07
6.3784991e-08 9.0758997e-08 9.5658086e-08 9.6895855e-08 9.8155202e-08 9.9436604e-08 1.0074055e-07 1.0206754e-07 1.0341808e-07 1.0479271e-07 1.0619197e-07 1.0761641e-07 1.0906661e-07 1.1054315e-07 1.1204665e-07 1.1357772e-07 1.1513699e-07 1.1672514e-07 1.1834282e-07 1.1999075e-07 1.2166962e-07 1.2338018e-07 1.2512318e-07 1.2689940e-07 1.2870963e-07 1.3055470e-07 1.3243547e-07 1.3435279e-07 1.3630757e-07 1.3830074e-07 1.4033324e-07 1.4240606e-07 1.4452020e-07 1.4667672e-07 1.4887668e-07 1.5112118e-07 1.5341138e-07 1.5574844e-07 1.5813358e-07 1.6056804e-07 1.6305312e-07 1.6559015e-07 1.6818049e-07 1.7082558e-07 1.7352686e-07 1.7628585e-07 1.7910411e-07 1.8198324e-07 1.8492492e-07 1.8793085e-07
6.3032614e-08 8.9687287e-08 9.4526680e-08 9.5747759e-08 9.6990098e-08 9.8254165e-08 9.9540440e-08 1.0084941e-07 1.0218160e-07 1.0353750e-07 1.0491767e-07 1.0632264e-07 1.0775299e-07 1.0920928e-07 1.1069212e-07 1.1220211e-07 1.1373988e-07 1.1530608e-07 1.1690138e-07 1.1852645e-07 1.2018199e-07 1.2186874e-07 1.2358742e-07 1.2533882e-07 1.2712370e-07 1.2894288e-07 1.3079720e-07 1.3268751e-07 1.3461469e-07 1.3657965e-07 1.3858334e-07 1.4062670e-07 1.4271074e-07 1.4483647e-07 1.4700496e-07 1.4921729e-07 1.5147457e-07 1.5377797e-07 1.5612867e-07 1.5852790e-07 1.6097692e-07 1.6347705e-07 1.6602963e-07 1.6863605e-07 1.7129774e-07 1.7401619e-07 1.7679293e-07 1.7962953e-07 1.8252764e-07 1.8548892e-07
6.2275046e-08 8.8608113e-08 9.3387287e-08 9.4591440e-08 9.5816528e-08 9.7063008e-08 9.8331354e-08 9.9622050e-08 1.0093559e-07 1.0227249e-07 1.0363327e-07 1.0501847e-07 1.0642865e-07 1.0786437e-07 1.0932621e-07 1.1081478e-07 1.1233070e-07 1.1387459e-07 1.1544711e-07 1.1704894e-07 1.1868075e-07 1.2034327e-07 1.2203721e-07 1.2376333e-07 1.2552240e-07 1.2731522e-07 1.2914260e-07 1.3100538e-07 1.3290444e-07 1.3484066e-07 1.3681495e-07 1.3882828e-07 1.4088161e-07 1.4297594e-07 1.4511231e-07 1.4729179e-07 1.4951547e-07 1.5178449e-07 1.5410001e-07 1.5646324e-07 1.5887542e-07 1.6133783e-07 1.6385178e-07 1.6641865e-07 1.6903985e-07 1.7171681e-07 1.7445105e-07 1.7724410e-07 1.8009757e-07 1.8301311e-07
6.1513025e-08 8.7522534e-08 9.2241033e-08 9.3428047e-08 9.4635661e-08 9.5864328e-08 9.7114511e-08 9.8386685e-08 9.9681338e-08 1.0099897e-07 1.0234010e-07 1.0370526e-07 1.0509498e-07 1.0650983e-07 1.0795038e-07 1.0941722e-07 1.1091095e-07 1.1243220e-07 1.1398160e-07 1.1555983e-07 1.1716754e-07 1.1880544e-07 1.2047424e-07 1.2217468e-07 1.2390752e-07 1.2567354e-07 1.2747353e-07 1.2930832e-07 1.3117877e-07 1.3308574e-07 1.3503014e-07 1.3701289e-07 1.3903495e-07 1.4109731e-07 1.4320097e-07 1.4534698e-07 1.4753642e-07 1.4977040e-07 1.5205006e-07 1.5437658e-07 1.5675118e-07 1.5917510e-07 1.6164965e-07 1.6417615e-07 1.6675599e-07 1.6939059e-07 1.7208141e-07 1.7482996e-07 1.7763782e-07 1.8050659e-07
6.0747270e-08 8.6431574e-08 9.1089003e-08 9.2258686e-08 9.3448631e-08 9.4659281e-08 9.5891089e-08 9.7144524e-08 9.8420063e-08 9.9718200e-08 1.0103944e-07 1.0238430e-07 1.0375331e-07 1.0514703e-07 1.0656601e-07 1.0801083e-07 1.0948208e-07 1.1098039e-07 1.1250636e-07 1.1406066e-07 1.1564393e-07 1.1725688e-07 1.1890018e-07 1.2057457e-07 1.2228079e-07 1.2401961e-07 1.2579179e-07 1.2759817e-07 1.2943956e-07 1.3131683e-07 1.3323086e-07 1.3518255e-07 1.3717284e-07 1.3920269e-07 1.4127309e-07 1.4338508e-07 1.4553969e-07 1.4773803e-07 1.4998119e-07 1.5227035e-07 1.5460668e-07 1.5699142e-07 1.5942583e-07 1.6191121e-07 1.6444892e-07 1.6704033e-07 1.6968689e-07 1.7239007e-07 1.7515141e-07 1.7797247e-07
5.9978469e-08 8.5336220e-08 8.9932245e-08 9.1084428e-08 9.2256528e-08 9.3448979e-08 9.4662226e-08 9.5896728e-08 9.7152953e-08 9.8431385e-08 9.9732518e-08 1.0105686e-07 1.0240494e-07 1.0377728e-07 1.0517444e-07 1.0659699e-07 1.0804551e-07 1.0952059e-07 1.1102286e-07 1.1255293e-07 1.1411147e-07 1.1569914e-07 1.1731662e-07 1.1896463e-07 1.2064388e-07 1.2235513e-07 1.2409915e-07 1.2587672e-07 1.2768866e-07 1.2953581e-07 1.3141903e-07 1.3333921e-07 1.3529726e-07 1.3729413e-07 1.3933078e-07 1.4140822e-07 1.4352747e-07 1.4568960e-07 1.4789570e-07 1.5014690e-07 1.5244435e-07 1.5478926e-07 1.5718286e-07 1.5962643e-07 1.6212128e-07 1.6466876e-07 1.6727028e-07 1.6992728e-07 1.7264126e-07 1.7541374e-07
5.9207287e-08 8.4237420e-08 8.8771765e-08 8.9906300e-08 9.1060402e-08 9.2234494e-08 9.3429016e-08 9.4644413e-08 9.5881148e-08 9.7139692e-08 9.8420529e-08 9.9724159e-08 1.0105109e-07 1.0240185e-07 1.0377698e-07 1.0517704e-07 1.0660258e-07 1.0805420e-07 1.0953250e-07 1.1103810e-07 1.1257162e-07 1.1413374e-07 1.1572511e-07 1.1734643e-07 1.1899840e-07 1.2068177e-07 1.2239727e-07 1.2414569e-07 1.2592781e-07 1.2774447e-07 1.2959649e-07 1.3148476e-07 1.3341016e-07 1.3537361e-07 1.3737605e-07 1.3941848e-07 1.4150188e-07 1.4362731e-07 1.4579581e-07 1.4800850e-07 1.5026651e-07 1.5257100e-07 1.5492318e-07 1.5732430e-07 1.5977564e-07 1.6227851e-07 1.6483428e-07 1.6744436e-07 1.7011021e-07 1.7283331e-07
5.8434361e-08 8.3136087e-08 8.7608533e-08 8.8725291e-08 8.9861260e-08 9.1016857e-08 9.2192509e-08 9.3388654e-08 9.4605743e-08 9.5844239e-08 9.7104615e-08 9.8387359e-08 9.9692972e-08 1.0102197e-07 1.0237487e-07 1.0375222e-07 1.0515459e-07 1.0658253e-07 1.0803665e-07 1.0951753e-07 1.1102581e-07 1.1256212e-07 1.1412712e-07 1.1572148e-07 1.1734590e-07 1.1900109e-07 1.2068778e-07 1.2240673e-07 1.2415872e-07 1.2594454e-07 1.2776503e-07 1.2962101e-07 1.3151338e-07 1.3344302e-07 1.3541086e-07 1.3741785e-07 1.3946496e-07 1.4155322e-07 1.4368366e-07 1.4585735e-07 1.4807540e-07 1.5033895e-07 1.5264916e-07 1.5500726e-07 1.5741448e-07 1.5987211e-07 1.6238149e-07 1.6494398e-07 1.6756100e-07 1.7023400e-07
5.7660302e-08 8.2033092e-08 8.6443472e-08 8.7542344e-08 8.8660068e-08 8.9797050e-08 9.0953710e-08 9.2130476e-08 9.3327788e-08 9.4546098e-08 9.5785869e-08 9.7047579e-08 9.8331717e-08 9.9638783e-08 1.0096929e-07 1.0232378e-07 1.0370278e-07 1.0510686e-07 1.0653659e-07 1.0799256e-07 1.0947538e-07 1.1098567e-07 1.1252407e-07 1.1409124e-07 1.1568786e-07 1.1731461e-07 1.1897223e-07 1.2066144e-07 1.2238300e-07 1.2413770e-07 1.2592633e-07 1.2774972e-07 1.2960871e-07 1.3150420e-07 1.3343706e-07 1.3540823e-07 1.3741867e-07 1.3946936e-07 1.4156131e-07 1.4369556e-07 1.4587319e-07 1.4809531e-07 1.5036306e-07 1.5267761e-07 1.5504019e-07 1.5745203e-07 1.5991443e-07 1.6242872e-07 1.6499628e-07 1.6761852e-07
5.6885691e-08 8.0929267e-08 8.5277466e-08 8.6358362e-08 8.7457745e-08 8.8576016e-08 8.9713580e-08 9.0870859e-08 9.2048282e-08 9.3246290e-08 9.4465336e-08 9.5705886e-08 9.6968417e-08 9.8253418e-08 9.9561393e-08 1.0089286e-07 1.0224835e-07 1.0362840e-07 1.0503358e-07 1.0646447e-07 1.0792164e-07 1.0940572e-07 1.1091732e-07 1.1245710e-07 1.1402569e-07 1.1562380e-07 1.1725211e-07 1.1891133e-07 1.2060222e-07 1.2232553e-07 1.2408203e-07 1.2587254e-07 1.2769787e-07 1.2955888e-07 1.3145645e-07 1.3339148e-07 1.3536489e-07 1.3737765e-07 1.3943073e-07 1.4152515e-07 1.4366196e-07 1.4584222e-07 1.4806706e-07 1.5033761e-07 1.5265505e-07 1.5502060e-07 1.5743551e-07 1.5990106e-07 1.6241859e-07 1.6498948e-07
5.6111082e-08 7.9825405e-08 8.4111358e-08 8.5174203e-08 8.6255170e-08 8.7354648e-08 8.8473034e-08 8.9610738e-08 9.0768180e-08 9.1945791e-08 9.3144012e-08 9.4363296e-08 9.5604111e-08 9.6866933e-08 9.8152253e-08 9.9460576e-08 1.0079242e-07 1.0214831e-07 1.0352880e-07 1.0493445e-07 1.0636583e-07 1.0782353e-07 1.0930817e-07 1.1082037e-07 1.1236077e-07 1.1393003e-07 1.1552883e-07 1.1715787e-07 1.1881786e-07 1.2050955e-07 1.2223369e-07 1.2399106e-07 1.2578248e-07 1.2760876e-07 1.2947075e-07 1.3136934e-07 1.3330542e-07 1.3527993e-07 1.3729381e-07 1.3934806e-07 1.4144368e-07 1.4358172e-07 1.4576326e-07 1.4798940e-07 1.5026128e-07 1.5258009e-07 1.5494704e-07 1.5736337e-07 1.5983038e-07 1.6234939e-07
5.5337002e-08 7.8722259e-08 8.2945945e-08 8.3990684e-08 8.5053175e-08 8.6133797e-08 8.7232939e-08 8.8351000e-08 8.9488389e-08 9.0645525e-08 9.1822840e-08 9.3020776e-08 9.4239786e-08 9.5480337e-08 9.6742905e-08 9.8027982e-08 9.9336072e-08 1.0066769e-07 1.0202337e-07 1.0340366e-07 1.0480912e-07 1.0624032e-07 1.0769785e-07 1.0918233e-07 1.1069437e-07 1.1223462e-07 1.1380375e-07 1.1540242e-07 1.1703133e-07 1.1869121e-07 1.2038279e-07 1.2210682e-07 1.2386410e-07 1.2565541e-07 1.2748159e-07 1.2934349e-07 1.3124198e-07 1.3317796e-07 1.3515236e-07 1.3716613e-07 1.3922025e-07 1.4131574e-07 1.4345364e-07 1.4563501e-07 1.4786097e-07 1.5013266e-07 1.5245124e-07 1.5481793e-07 1.5723397e-07 1.5970065e-07
5.4563950e-08 7.7620542e-08 8.1781985e-08 8.2808578e-08 8.3852550e-08 8.4914271e-08 8.5994120e-08 8.7092485e-08 8.8209766e-08 8.9346371e-08 9.0502719e-08 9.1679241e-08 9.2876379e-08 9.4094586e-08 9.5334326e-08 9.6596078e-08 9.7880331e-08 9.9187589e-08 1.0051837e-07 1.0187320e-07 1.0325263e-07 1.0465721e-07 1.0608752e-07 1.0754416e-07 1.0902772e-07 1.1053884e-07 1.1207814e-07 1.1364630e-07 1.1524398e-07 1.1687189e-07 1.1853074e-07 1.2022125e-07 1.2194420e-07 1.2370036e-07 1.2549052e-07 1.2731552e-07 1.2917620e-07 1.3107342e-07 1.3300809e-07 1.3498113e-07 1.3699349e-07 1.3904615e-07 1.4114012e-07 1.4327642e-07 1.4545614e-07 1.4768037e-07 1.4995024e-07 1.5226693e-07 1.5463162e-07 1.5704558e-07
5.3792397e-08 7.6520926e-08 8.0620193e-08 8.1628613e-08 8.2654039e-08 8.3696829e-08 8.4757352e-08 8.5835988e-08 8.6933123e-08 8.8049156e-08 8.9184494e-08 9.0339557e-08 9.1514773e-08 9.2710584e-08 9.3927440e-08 9.5165807e-08 9.6426161e-08 9.7708990e-08 9.9014795e-08 1.0034409e-07 1.0169741e-07 1.0307529e-07 1.0447830e-07 1.0590700e-07 1.0736198e-07 1.0884385e-07 1.1035323e-07 1.1189076e-07 1.1345709e-07 1.1505290e-07 1.1667887e-07 1.1833573e-07 1.2002421e-07 1.2174505e-07 1.2349903e-07 1.2528695e-07 1.2710963e-07 1.2896790e-07 1.3086265e-07 1.3279475e-07 1.3476512e-07 1.3677472e-07 1.3882451e-07 1.4091549e-07 1.4304870e-07 1.4522519e-07 1.4744606e-07 1.4971244e-07 1.5202547e-07 1.5438636e-07
5.3022785e-08 7.5424046e-08 7.9461242e-08 8.0451479e-08 8.1458344e-08 8.2482188e-08 8.3523370e-08 8.4582256e-08 8.5659225e-08 8.6754663e-08 8.7868965e-08 8.9002540e-08 9.0155803e-08 9.1329184e-08 9.2523120e-08 9.3738062e-08 9.4974473e-08 9.6232826e-08 9.7513609e-08 9.8817321e-08 1.0014447e-07 1.0149560e-07 1.0287123e-07 1.0427192e-07 1.0569825e-07 1.0715080e-07 1.0863017e-07 1.1013698e-07 1.1167186e-07 1.1323547e-07 1.1482847e-07 1.1645156e-07 1.1810544e-07 1.1979084e-07 1.2150851e-07 1.2325921e-07 1.2504374e-07 1.2686292e-07 1.2871757e-07 1.3060856e-07 1.3253677e-07 1.3450312e-07 1.3650854e-07 1.3855399e-07 1.4064047e-07 1.4276900e-07 1.4494063e-07 1.4715644e-07 1.4941755e-07 1.5172511e-07
5.2255532e-08 7.4330498e-08 7.8305764e-08 7.9277819e-08 8.0266126e-08 8.1271023e-08 8.2292860e-08 8.3331994e-08 8.4388790e-08 8.5463625e-08 8.6556882e-08 8.7668957e-08 8.8800254e-08 8.9951188e-08 9.1122185e-08 9.2313681e-08 9.3526126e-08 9.4759977e-08 9.6015707e-08 9.7293800e-08 9.8594753e-08 9.9919075e-08 1.0126729e-07 1.0263993e-07 1.0403756e-07 1.0546073e-07 1.0691003e-07 1.0838606e-07 1.0988943e-07 1.1142076e-07 1.1298072e-07 1.1456995e-07 1.1618915e-07 1.1783902e-07 1.1952028e-07 1.2123366e-07 1.2297994e-07 1.2475990e-07 1.2657434e-07 1.2842409e-07 1.3031000e-07 1.3223295e-07 1.3419385e-07 1.3619361e-07 1.3823319e-07 1.4031358e-07 1.4243578e-07 1.4460083e-07 1.4680981e-07 1.4906381e-07
