Pycode/rasters/asc_loose/q875.asc
ncols 433
nrows 433
xllcenter 78900.99
yllcenter 236143.00
cellsize 3
nodata_value -9999
[rows 110 to 131 of 433, columns 250 to 299 of 433]
2.2784975e-07 2.2760830e-07 2.2732744e-07 2.2700591e-07 2.2664253e-07 2.2623616e-07 2.2578576e-07 2.2529036e-07 2.2474908e-07 2.2416116e-07 2.2352593e-07 2.2284285e-07 2.2211148e-07 2.2133151e-07 2.2050275e-07 2.1962514e-07 2.1869873e-07 2.1772372e-07 2.1670040e-07 2.1562919e-07 2.1451065e-07 2.1334541e-07 2.1213426e-07 2.1087804e-07 2.0957773e-07 2.0823438e-07 2.0684912e-07 2.0542318e-07 2.0395785e-07 2.0245448e-07 2.0091449e-07 1.9933934e-07 1.9773055e-07 1.9608965e-07 1.9441824e-07 1.9271789e-07 1.9099025e-07 1.8923693e-07 1.8745958e-07 1.8565982e-07 1.8383930e-07 1.8199962e-07 1.8014240e-07 1.7826923e-07 1.7638167e-07 1.7448125e-07 1.7256949e-07 1.7064787e-07 1.6871783e-07 1.6678078e-07
2.3450744e-07 2.3423080e-07 2.3391158e-07 2.3354855e-07 2.3314056e-07 2.3268650e-07 2.3218538e-07 2.3163628e-07 2.3103841e-07 2.3039107e-07 2.2969367e-07 2.2894575e-07 2.2814699e-07 2.2729717e-07 2.2639620e-07 2.2544415e-07 2.2444119e-07 2.2338762e-07 2.2228388e-07 2.2113052e-07 2.1992821e-07 2.1867775e-07 2.1738002e-07 2.1603603e-07 2.1464687e-07 2.1321374e-07 2.1173790e-07 2.1022071e-07 2.0866358e-07 2.0706800e-07 2.0543549e-07 2.0376766e-07 2.0206611e-07 2.0033251e-07 1.9856854e-07 1.9677591e-07 1.9495632e-07 1.9311152e-07 1.9124321e-07 1.8935311e-07 1.8744295e-07 1.8551440e-07 1.8356915e-07 1.8160884e-07 1.7963510e-07 1.7764952e-07 1.7565367e-07 1.7364905e-07 1.7163717e-07 1.6961946e-07
2.4140578e-07 2.4109034e-07 2.4072897e-07 2.4032049e-07 2.3986376e-07 2.3935774e-07 2.3880150e-07 2.3819419e-07 2.3753508e-07 2.3682357e-07 2.3605916e-07 2.3524150e-07 2.3437035e-07 2.3344563e-07 2.3246738e-07 2.3143576e-07 2.3035109e-07 2.2921381e-07 2.2802449e-07 2.2678382e-07 2.2549261e-07 2.2415180e-07 2.2276242e-07 2.2132562e-07 2.1984264e-07 2.1831481e-07 2.1674353e-07 2.1513029e-07 2.1347666e-07 2.1178423e-07 2.1005467e-07 2.0828969e-07 2.0649104e-07 2.0466048e-07 2.0279980e-07 2.0091083e-07 1.9899536e-07 1.9705522e-07 1.9509223e-07 1.9310817e-07 1.9110485e-07 1.8908403e-07 1.8704744e-07 1.8499681e-07 1.8293382e-07 1.8086011e-07 1.7877729e-07 1.7668692e-07 1.7459053e-07 1.7248960e-07
2.4855452e-07 2.4819635e-07 2.4778873e-07 2.4733050e-07 2.4682060e-07 2.4625804e-07 2.4564195e-07 2.4497157e-07 2.4424625e-07 2.4346550e-07 2.4262892e-07 2.4173626e-07 2.4078743e-07 2.3978246e-07 2.3872151e-07 2.3760490e-07 2.3643308e-07 2.3520664e-07 2.3392628e-07 2.3259287e-07 2.3120735e-07 2.2977082e-07 2.2828446e-07 2.2674957e-07 2.2516755e-07 2.2353986e-07 2.2186806e-07 2.2015379e-07 2.1839873e-07 2.1660464e-07 2.1477331e-07 2.1290657e-07 2.1100629e-07 2.0907436e-07 2.0711268e-07 2.0512317e-07 2.0310774e-07 2.0106831e-07 1.9900678e-07 1.9692504e-07 1.9482495e-07 1.9270835e-07 1.9057705e-07 1.8843284e-07 1.8627744e-07 1.8411255e-07 1.8193984e-07 1.7976090e-07 1.7757730e-07 1.7539055e-07
2.5596379e-07 2.5555864e-07 2.5510032e-07 2.5458774e-07 2.5401987e-07 2.5339583e-07 2.5271481e-07 2.5197615e-07 2.5117931e-07 2.5032389e-07 2.4940963e-07 2.4843641e-07 2.4740425e-07 2.4631332e-07 2.4516395e-07 2.4395660e-07 2.4269187e-07 2.4137050e-07 2.3999336e-07 2.3856148e-07 2.3707596e-07 2.3553806e-07 2.3394913e-07 2.3231062e-07 2.3062408e-07 2.2889115e-07 2.2711353e-07 2.2529301e-07 2.2343142e-07 2.2153065e-07 2.1959264e-07 2.1761934e-07 2.1561275e-07 2.1357487e-07 2.1150774e-07 2.0941337e-07 2.0729377e-07 2.0515097e-07 2.0298695e-07 2.0080368e-07 1.9860311e-07 1.9638715e-07 1.9415768e-07 1.9191653e-07 1.8966550e-07 1.8740634e-07 1.8514074e-07 1.8287036e-07 1.8059678e-07 1.7832156e-07
2.6364415e-07 2.6318741e-07 2.6267359e-07 2.6210167e-07 2.6147069e-07 2.6077985e-07 2.6002845e-07 2.5921594e-07 2.5834188e-07 2.5740601e-07 2.5640819e-07 2.5534845e-07 2.5422696e-07 2.5304404e-07 2.5180018e-07 2.5049599e-07 2.4913225e-07 2.4770987e-07 2.4622990e-07 2.4469351e-07 2.4310200e-07 2.4145680e-07 2.3975942e-07 2.3801150e-07 2.3621473e-07 2.3437093e-07 2.3248196e-07 2.3054975e-07 2.2857630e-07 2.2656364e-07 2.2451384e-07 2.2242901e-07 2.2031125e-07 2.1816271e-07 2.1598552e-07 2.1378181e-07 2.1155371e-07 2.0930333e-07 2.0703274e-07 2.0474400e-07 2.0243914e-07 2.0012013e-07 1.9778893e-07 1.9544743e-07 1.9309748e-07 1.9074086e-07 1.8837934e-07 1.8601458e-07 1.8364823e-07 1.8128185e-07
2.7160662e-07 2.7109329e-07 2.7051879e-07 2.6988214e-07 2.6918250e-07 2.6841916e-07 2.6759154e-07 2.6669919e-07 2.6574183e-07 2.6471932e-07 2.6363168e-07 2.6247909e-07 2.6126188e-07 2.5998056e-07 2.5863576e-07 2.5722829e-07 2.5575911e-07 2.5422930e-07 2.5264009e-07 2.5099285e-07 2.4928907e-07 2.4753034e-07 2.4571836e-07 2.4385494e-07 2.4194197e-07 2.3998141e-07 2.3797531e-07 2.3592576e-07 2.3383491e-07 2.3170493e-07 2.2953806e-07 2.2733652e-07 2.2510257e-07 2.2283846e-07 2.2054646e-07 2.1822881e-07 2.1588773e-07 2.1352543e-07 2.1114408e-07 2.0874582e-07 2.0633276e-07 2.0390694e-07 2.0147037e-07 1.9902502e-07 1.9657277e-07 1.9411547e-07 1.9165491e-07 1.8919281e-07 1.8673082e-07 1.8427055e-07
2.7986265e-07 2.7928734e-07 2.7864654e-07 2.7793937e-07 2.7716510e-07 2.7632313e-07 2.7541300e-07 2.7443443e-07 2.7338725e-07 2.7227151e-07 2.7108737e-07 2.6983519e-07 2.6851550e-07 2.6712895e-07 2.6567640e-07 2.6415883e-07 2.6257739e-07 2.6093338e-07 2.5922821e-07 2.5746344e-07 2.5564076e-07 2.5376196e-07 2.5182893e-07 2.4984366e-07 2.4780823e-07 2.4572478e-07 2.4359553e-07 2.4142274e-07 2.3920871e-07 2.3695579e-07 2.3466634e-07 2.3234275e-07 2.2998740e-07 2.2760268e-07 2.2519096e-07 2.2275459e-07 2.2029592e-07 2.1781725e-07 2.1532083e-07 2.1280889e-07 2.1028361e-07 2.0774711e-07 2.0520146e-07 2.0264867e-07 2.0009070e-07 1.9752942e-07 1.9496666e-07 1.9240418e-07 1.8984366e-07 1.8728673e-07
2.8842419e-07 2.8778106e-07 2.8706791e-07 2.8628398e-07 2.8542865e-07 2.8450146e-07 2.8350211e-07 2.8243045e-07 2.8128651e-07 2.8007048e-07 2.7878273e-07 2.7742381e-07 2.7599442e-07 2.7449543e-07 2.7292790e-07 2.7129302e-07 2.6959214e-07 2.6782677e-07 2.6599854e-07 2.6410922e-07 2.6216070e-07 2.6015497e-07 2.5809413e-07 2.5598036e-07 2.5381594e-07 2.5160319e-07 2.4934450e-07 2.4704233e-07 2.4469913e-07 2.4231741e-07 2.3989970e-07 2.3744851e-07 2.3496637e-07 2.3245580e-07 2.2991929e-07 2.2735931e-07 2.2477831e-07 2.2217867e-07 2.1956275e-07 2.1693287e-07 2.1429126e-07 2.1164013e-07 2.0898159e-07 2.0631772e-07 2.0365051e-07 2.0098190e-07 1.9831373e-07 1.9564779e-07 1.9298580e-07 1.9032939e-07
2.9730369e-07 2.9658642e-07 2.9579439e-07 2.9492696e-07 2.9398366e-07 2.9296419e-07 2.9186840e-07 2.9069633e-07 2.8944819e-07 2.8812437e-07 2.8672544e-07 2.8525215e-07 2.8370541e-07 2.8208633e-07 2.8039617e-07 2.7863635e-07 2.7680844e-07 2.7491419e-07 2.7295543e-07 2.7093417e-07 2.6885251e-07 2.6671266e-07 2.6451693e-07 2.6226771e-07 2.5996746e-07 2.5761873e-07 2.5522407e-07 2.5278612e-07 2.5030752e-07 2.4779094e-07 2.4523905e-07 2.4265452e-07 2.4004003e-07 2.3739821e-07 2.3473168e-07 2.3204303e-07 2.2933480e-07 2.2660949e-07 2.2386954e-07 2.2111733e-07 2.1835519e-07 2.1558537e-07 2.1281006e-07 2.1003138e-07 2.0725137e-07 2.0447200e-07 2.0169515e-07 1.9892263e-07 1.9615618e-07 1.9339745e-07
3.0651410e-07 3.0571587e-07 3.0483791e-07 3.0387973e-07 3.0284104e-07 3.0172170e-07 3.0052175e-07 2.9924144e-07 2.9788117e-07 2.9644154e-07 2.9492336e-07 2.9332760e-07 2.9165540e-07 2.8990811e-07 2.8808722e-07 2.8619440e-07 2.8423147e-07 2.8220038e-07 2.8010325e-07 2.7794228e-07 2.7571982e-07 2.7343831e-07 2.7110028e-07 2.6870833e-07 2.6626514e-07 2.6377345e-07 2.6123601e-07 2.5865564e-07 2.5603517e-07 2.5337742e-07 2.5068524e-07 2.4796144e-07 2.4520883e-07 2.4243019e-07 2.3962825e-07 2.3680573e-07 2.3396525e-07 2.3110943e-07 2.2824077e-07 2.2536175e-07 2.2247477e-07 2.1958213e-07 2.1668609e-07 2.1378881e-07 2.1089236e-07 2.0799875e-07 2.0510990e-07 2.0222763e-07 1.9935370e-07 1.9648978e-07
3.1606893e-07 3.1518236e-07 3.1421086e-07 3.1315414e-07 3.1201207e-07 3.1078472e-07 3.0947235e-07 3.0807541e-07 3.0659454e-07 3.0503058e-07 3.0338456e-07 3.0165772e-07 2.9985146e-07 2.9796736e-07 2.9600718e-07 2.9397284e-07 2.9186643e-07 2.8969015e-07 2.8744637e-07 2.8513754e-07 2.8276625e-07 2.8033519e-07 2.7784710e-07 2.7530483e-07 2.7271126e-07 2.7006934e-07 2.6738204e-07 2.6465235e-07 2.6188328e-07 2.5907784e-07 2.5623902e-07 2.5336980e-07 2.5047313e-07 2.4755192e-07 2.4460903e-07 2.4164727e-07 2.3866939e-07 2.3567808e-07 2.3267594e-07 2.2966553e-07 2.2664930e-07 2.2362962e-07 2.2060880e-07 2.1758904e-07 2.1457245e-07 2.1156108e-07 2.0855685e-07 2.0556163e-07 2.0257717e-07 1.9960514e-07
3.2598224e-07 3.2499935e-07 3.2392613e-07 3.2276246e-07 3.2150845e-07 3.2016437e-07 3.1873072e-07 3.1720819e-07 3.1559768e-07 3.1390028e-07 3.1211731e-07 3.1025025e-07 3.0830078e-07 3.0627077e-07 3.0416224e-07 3.0197741e-07 2.9971861e-07 2.9738833e-07 2.9498920e-07 2.9252395e-07 2.8999541e-07 2.8740652e-07 2.8476027e-07 2.8205974e-07 2.7930804e-07 2.7650833e-07 2.7366379e-07 2.7077760e-07 2.6785296e-07 2.6489306e-07 2.6190106e-07 2.5888008e-07 2.5583321e-07 2.5276350e-07 2.4967393e-07 2.4656743e-07 2.4344684e-07 2.4031495e-07 2.3717444e-07 2.3402794e-07 2.3087795e-07 2.2772693e-07 2.2457721e-07 2.2143103e-07 2.1829056e-07 2.1515783e-07 2.1203482e-07 2.0892339e-07 2.0582531e-07 2.0274224e-07
3.3626864e-07 3.3518085e-07 3.3399707e-07 3.3271743e-07 3.3134227e-07 3.2987210e-07 3.2830770e-07 3.2665001e-07 3.2490022e-07 3.2305971e-07 3.2113007e-07 3.1911308e-07 3.1701072e-07 3.1482516e-07 3.1255872e-07 3.1021389e-07 3.0779332e-07 3.0529977e-07 3.0273616e-07 3.0010550e-07 2.9741088e-07 2.9465551e-07 2.9184263e-07 2.8897556e-07 2.8605764e-07 2.8309226e-07 2.8008281e-07 2.7703268e-07 2.7394525e-07 2.7082388e-07 2.6767190e-07 2.6449260e-07 2.6128921e-07 2.5806490e-07 2.5482278e-07 2.5156587e-07 2.4829714e-07 2.4501944e-07 2.4173555e-07 2.3844815e-07 2.3515983e-07 2.3187307e-07 2.2859025e-07 2.2531365e-07 2.2204547e-07 2.1878776e-07 2.1554251e-07 2.1231158e-07 2.0909675e-07 2.0589970e-07
3.4694338e-07 3.4574139e-07 3.4443756e-07 3.4303224e-07 3.4152604e-07 3.3991977e-07 3.3821448e-07 3.3641141e-07 3.3451206e-07 3.3251812e-07 3.3043149e-07 3.2825428e-07 3.2598877e-07 3.2363746e-07 3.2120299e-07 3.1868815e-07 3.1609592e-07 3.1342936e-07 3.1069167e-07 3.0788616e-07 3.0501622e-07 3.0208531e-07 2.9909694e-07 2.9605469e-07 2.9296214e-07 2.8982289e-07 2.8664057e-07 2.8341876e-07 2.8016105e-07 2.7687097e-07 2.7355201e-07 2.7020762e-07 2.6684118e-07 2.6345598e-07 2.6005526e-07 2.5664214e-07 2.5321968e-07 2.4979083e-07 2.4635844e-07 2.4292524e-07 2.3949389e-07 2.3606692e-07 2.3264673e-07 2.2923566e-07 2.2583589e-07 2.2244952e-07 2.1907852e-07 2.1572479e-07 2.1239007e-07 2.0907604e-07
3.5802230e-07 3.5669612e-07 3.5526198e-07 3.5372055e-07 3.5207271e-07 3.5031961e-07 3.4846258e-07 3.4650323e-07 3.4444336e-07 3.4228502e-07 3.4003043e-07 3.3768206e-07 3.3524254e-07 3.3271470e-07 3.3010151e-07 3.2740611e-07 3.2463180e-07 3.2178196e-07 3.1886013e-07 3.1586989e-07 3.1281494e-07 3.0969902e-07 3.0652592e-07 3.0329948e-07 3.0002352e-07 2.9670189e-07 2.9333843e-07 2.8993693e-07 2.8650118e-07 2.8303488e-07 2.7954171e-07 2.7602525e-07 2.7248903e-07 2.6893649e-07 2.6537095e-07 2.6179566e-07 2.5821376e-07 2.5462828e-07 2.5104215e-07 2.4745816e-07 2.4387901e-07 2.4030727e-07 2.3674538e-07 2.3319570e-07 2.2966042e-07 2.2614166e-07 2.2264140e-07 2.1916150e-07 2.1570373e-07 2.1226973e-07
3.6952191e-07 3.6806073e-07 3.6648527e-07 3.6479651e-07 3.6299567e-07 3.6108423e-07 3.5906389e-07 3.5693661e-07 3.5470455e-07 3.5237012e-07 3.4993594e-07 3.4740482e-07 3.4477978e-07 3.4206399e-07 3.3926080e-07 3.3637372e-07 3.3340637e-07 3.3036248e-07 3.2724592e-07 3.2406059e-07 3.2081050e-07 3.1749968e-07 3.1413221e-07 3.1071218e-07 3.0724369e-07 3.0373082e-07 3.0017764e-07 2.9658814e-07 2.9296631e-07 2.8931605e-07 2.8564119e-07 2.8194548e-07 2.7823257e-07 2.7450602e-07 2.7076929e-07 2.6702572e-07 2.6327853e-07 2.5953084e-07 2.5578562e-07 2.5204573e-07 2.4831392e-07 2.4459278e-07 2.4088480e-07 2.3719232e-07 2.3351757e-07 2.2986266e-07 2.2622955e-07 2.2262012e-07 2.1903611e-07 2.1547913e-07
3.8145936e-07 3.7985154e-07 3.7812290e-07 3.7627477e-07 3.7430874e-07 3.7222667e-07 3.7003063e-07 3.6772299e-07 3.6530630e-07 3.6278338e-07 3.6015724e-07 3.5743109e-07 3.5460833e-07 3.5169255e-07 3.4868747e-07 3.4559697e-07 3.4242504e-07 3.3917579e-07 3.3585340e-07 3.3246213e-07 3.2900629e-07 3.2549024e-07 3.2191833e-07 3.1829495e-07 3.1462444e-07 3.1091113e-07 3.0715931e-07 3.0337322e-07 2.9955702e-07 2.9571479e-07 2.9185053e-07 2.8796815e-07 2.8407143e-07 2.8016406e-07 2.7624960e-07 2.7233148e-07 2.6841302e-07 2.6449739e-07 2.6058764e-07 2.5668667e-07 2.5279725e-07 2.4892201e-07 2.4506346e-07 2.4122395e-07 2.3740572e-07 2.3361085e-07 2.2984132e-07 2.2609896e-07 2.2238550e-07 2.1870253e-07
3.9385249e-07 3.9208551e-07 3.9019093e-07 3.8817050e-07 3.8602621e-07 3.8376034e-07 3.8137538e-07 3.7887413e-07 3.7625958e-07 3.7353497e-07 3.7070374e-07 3.6776953e-07 3.6473618e-07 3.6160767e-07 3.5838815e-07 3.5508188e-07 3.5169325e-07 3.4822673e-07 3.4468689e-07 3.4107831e-07 3.3740565e-07 3.3367357e-07 3.2988674e-07 3.2604982e-07 3.2216742e-07 3.1824413e-07 3.1428446e-07 3.1029287e-07 3.0627370e-07 3.0223124e-07 2.9816965e-07 2.9409297e-07 2.9000513e-07 2.8590993e-07 2.8181103e-07 2.7771196e-07 2.7361611e-07 2.6952672e-07 2.6544688e-07 2.6137953e-07 2.5732748e-07 2.5329339e-07 2.4927975e-07 2.4528893e-07 2.4132315e-07 2.3738450e-07 2.3347492e-07 2.2959622e-07 2.2575010e-07 2.2193812e-07
4.0671988e-07 4.0478021e-07 4.0270599e-07 4.0049938e-07 3.9816283e-07 3.9569907e-07 3.9311108e-07 3.9040209e-07 3.8757559e-07 3.8463526e-07 3.8158502e-07 3.7842897e-07 3.7517139e-07 3.7181671e-07 3.6836951e-07 3.6483447e-07 3.6121639e-07 3.5752014e-07 3.5375064e-07 3.4991287e-07 3.4601181e-07 3.4205245e-07 3.3803977e-07 3.3397872e-07 3.2987419e-07 3.2573101e-07 3.2155393e-07 3.1734762e-07 3.1311663e-07 3.0886542e-07 3.0459831e-07 3.0031949e-07 2.9603301e-07 2.9174280e-07 2.8745260e-07 2.8316603e-07 2.7888655e-07 2.7461745e-07 2.7036186e-07 2.6612277e-07 2.6190300e-07 2.5770520e-07 2.5353190e-07 2.4938544e-07 2.4526803e-07 2.4118173e-07 2.3712847e-07 2.3311002e-07 2.2912802e-07 2.2518400e-07
4.2008080e-07 4.1795391e-07 4.1568530e-07 4.1327762e-07 4.1073382e-07 4.0805712e-07 4.0525101e-07 4.0231924e-07 3.9926579e-07 3.9609485e-07 3.9281084e-07 3.8941834e-07 3.8592212e-07 3.8232708e-07 3.7863825e-07 3.7486077e-07 3.7099985e-07 3.6706077e-07 3.6304886e-07 3.5896945e-07 3.5482790e-07 3.5062952e-07 3.4637962e-07 3.4208344e-07 3.3774613e-07 3.3337279e-07 3.2896841e-07 3.2453786e-07 3.2008591e-07 3.1561716e-07 3.1113611e-07 3.0664709e-07 3.0215428e-07 2.9766168e-07 2.9317317e-07 2.8869241e-07 2.8422292e-07 2.7976805e-07 2.7533097e-07 2.7091468e-07 2.6652201e-07 2.6215563e-07 2.5781803e-07 2.5351157e-07 2.4923841e-07 2.4500060e-07 2.4080000e-07 2.3663836e-07 2.3251728e-07 2.2843821e-07
4.3395531e-07 4.3162554e-07 4.2914670e-07 4.2652198e-07 4.2375487e-07 4.2084914e-07 4.1780883e-07 4.1463824e-07 4.1134190e-07 4.0792453e-07 4.0439110e-07 4.0074670e-07 3.9699662e-07 3.9314625e-07 3.8920111e-07 3.8516679e-07 3.8104896e-07 3.7685334e-07 3.7258564e-07 3.6825160e-07 3.6385694e-07 3.5940732e-07 3.5490836e-07 3.5036559e-07 3.4578448e-07 3.4117035e-07 3.3652843e-07 3.3186382e-07 3.2718145e-07 3.2248613e-07 3.1778249e-07 3.1307499e-07 3.0836794e-07 3.0366543e-07 2.9897141e-07 2.9428963e-07 2.8962365e-07 2.8497686e-07 2.8035244e-07 2.7575341e-07 2.7118261e-07 2.6664270e-07 2.6213615e-07 2.5766528e-07 2.5323223e-07 2.4883900e-07 2.4448742e-07 2.4017916e-07 2.3591577e-07 2.3169865e-07
