Pycode/rasters/asc_loose/q875.asc
ncols 433
nrows 433
xllcenter 78900.99
yllcenter 236143.00
cellsize 3
nodata_value -9999
[rows 352 to 373 of 433, columns 250 to 299 of 433]
9.0307359e-10 9.5282508e-10 1.0042293e-09 1.0572829e-09 1.1119797e-09 1.1683108e-09 1.2262644e-09 1.2858260e-09 1.3469785e-09 1.4097018e-09 1.4739734e-09 1.5397679e-09 1.6070576e-09 1.6758121e-09 1.7459987e-09 1.8175821e-09 1.8905248e-09 1.9647873e-09 2.0403277e-09 2.1171021e-09 2.1950648e-09 2.2741681e-09 2.3543628e-09 2.4355977e-09 2.5178204e-09 2.6009771e-09 2.6850125e-09 2.7698702e-09 2.8554928e-09 2.9418218e-09 3.0287981e-09 3.1163616e-09 3.2044518e-09 3.2930077e-09 3.3819676e-09 3.4712700e-09 3.5608529e-09 3.6506543e-09 3.7406123e-09 3.8306651e-09 3.9207511e-09 4.0108092e-09 4.1007785e-09 4.1905989e-09 4.2802106e-09 4.3695546e-09 4.4585727e-09 4.5472076e-09 4.6354029e-09 4.7231029e-09
8.5483870e-10 9.0219845e-10 9.5115456e-10 1.0017055e-09 1.0538472e-09 1.1075729e-09 1.1628730e-09 1.2197355e-09 1.2781457e-09 1.3380862e-09 1.3995373e-09 1.4624764e-09 1.5268786e-09 1.5927167e-09 1.6599608e-09 1.7285789e-09 1.7985367e-09 1.8697978e-09 1.9423236e-09 2.0160736e-09 2.0910052e-09 2.1670742e-09 2.2442345e-09 2.3224385e-09 2.4016370e-09 2.4817794e-09 2.5628136e-09 2.6446866e-09 2.7273441e-09 2.8107307e-09 2.8947905e-09 2.9794663e-09 3.0647005e-09 3.1504351e-09 3.2366112e-09 3.3231700e-09 3.4100521e-09 3.4971981e-09 3.5845486e-09 3.6720441e-09 3.7596253e-09 3.8472333e-09 3.9348092e-09 4.0222948e-09 4.1096322e-09 4.1967642e-09 4.2836343e-09 4.3701866e-09 4.4563660e-09 4.5421184e-09
8.0925509e-10 8.5433804e-10 9.0096227e-10 9.4912798e-10 9.9883287e-10 1.0500721e-09 1.1028384e-09 1.1571218e-09 1.2129100e-09 1.2701881e-09 1.3289387e-09 1.3891421e-09 1.4507760e-09 1.5138160e-09 1.5782351e-09 1.6440042e-09 1.7110921e-09 1.7794653e-09 1.8490883e-09 1.9199237e-09 1.9919322e-09 2.0650726e-09 2.1393021e-09 2.2145761e-09 2.2908485e-09 2.3680720e-09 2.4461978e-09 2.5251756e-09 2.6049544e-09 2.6854818e-09 2.7667048e-09 2.8485692e-09 2.9310203e-09 3.0140028e-09 3.0974606e-09 3.1813375e-09 3.2655768e-09 3.3501215e-09 3.4349147e-09 3.5198991e-09 3.6050179e-09 3.6902140e-09 3.7754308e-09 3.8606120e-09 3.9457017e-09 4.0306442e-09 4.1153848e-09 4.1998690e-09 4.2840434e-09 4.3678551e-09
7.6617256e-10 8.0908820e-10 8.5349136e-10 8.9938379e-10 9.4676487e-10 9.9563157e-10 1.0459785e-09 1.0977978e-09 1.1510792e-09 1.2058102e-09 1.2619757e-09 1.3195584e-09 1.3785386e-09 1.4388945e-09 1.5006019e-09 1.5636343e-09 1.6279633e-09 1.6935584e-09 1.7603870e-09 1.8284146e-09 1.8976048e-09 1.9679195e-09 2.0393188e-09 2.1117612e-09 2.1852038e-09 2.2596020e-09 2.3349100e-09 2.4110807e-09 2.4880659e-09 2.5658162e-09 2.6442813e-09 2.7234100e-09 2.8031504e-09 2.8834497e-09 2.9642548e-09 3.0455118e-09 3.1271666e-09 3.2091648e-09 3.2914517e-09 3.3739725e-09 3.4566723e-09 3.5394965e-09 3.6223903e-09 3.7052994e-09 3.7881697e-09 3.8709475e-09 3.9535794e-09 4.0360128e-09 4.1181956e-09 4.2000762e-09
7.2544970e-10 7.6630231e-10 8.0859004e-10 8.5231602e-10 8.9748116e-10 9.4408407e-10 9.9212109e-10 1.0415863e-09 1.0924714e-09 1.1447659e-09 1.1984570e-09 1.2535296e-09 1.3099665e-09 1.3677481e-09 1.4268528e-09 1.4872569e-09 1.5489345e-09 1.6118577e-09 1.6759967e-09 1.7413199e-09 1.8077937e-09 1.8753827e-09 1.9440499e-09 2.0137568e-09 2.0844632e-09 2.1561275e-09 2.2287068e-09 2.3021568e-09 2.3764321e-09 2.4514861e-09 2.5272713e-09 2.6037393e-09 2.6808408e-09 2.7585257e-09 2.8367434e-09 2.9154426e-09 2.9945717e-09 3.0740786e-09 3.1539110e-09 3.2340163e-09 3.3143420e-09 3.3948353e-09 3.4754437e-09 3.5561146e-09 3.6367958e-09 3.7174354e-09 3.7979818e-09 3.8783838e-09 3.9585908e-09 4.0385528e-09
6.8695336e-10 7.2584226e-10 7.6611523e-10 8.0777667e-10 8.5082885e-10 8.9527189e-10 9.4110373e-10 9.8832015e-10 1.0369147e-09 1.0868789e-09 1.1382018e-09 1.1908705e-09 1.2448700e-09 1.3001831e-09 1.3567904e-09 1.4146706e-09 1.4738004e-09 1.5341545e-09 1.5957055e-09 1.6584245e-09 1.7222806e-09 1.7872411e-09 1.8532717e-09 1.9203366e-09 1.9883984e-09 2.0574183e-09 2.1273560e-09 2.1981699e-09 2.2698175e-09 2.3422549e-09 2.4154371e-09 2.4893185e-09 2.5638522e-09 2.6389909e-09 2.7146863e-09 2.7908898e-09 2.8675520e-09 2.9446232e-09 3.0220534e-09 3.0997923e-09 3.1777894e-09 3.2559940e-09 3.3343557e-09 3.4128237e-09 3.4913478e-09 3.5698777e-09 3.6483635e-09 3.7267556e-09 3.8050050e-09 3.8830629e-09
6.5055812e-10 6.8757788e-10 7.2593205e-10 7.6562615e-10 8.0666368e-10 8.4904612e-10 8.9277289e-10 9.3784133e-10 9.8424670e-10 1.0319822e-09 1.0810389e-09 1.1314058e-09 1.1830699e-09 1.2360161e-09 1.2902273e-09 1.3456844e-09 1.4023665e-09 1.4602506e-09 1.5193119e-09 1.5795238e-09 1.6408580e-09 1.7032843e-09 1.7667711e-09 1.8312852e-09 1.8967916e-09 1.9632543e-09 2.0306355e-09 2.0988965e-09 2.1679971e-09 2.2378960e-09 2.3085511e-09 2.3799189e-09 2.4519553e-09 2.5246154e-09 2.5978533e-09 2.6716229e-09 2.7458770e-09 2.8205684e-09 2.8956491e-09 2.9710711e-09 3.0467859e-09 3.1227450e-09 3.1988998e-09 3.2752015e-09 3.3516017e-09 3.4280519e-09 3.5045039e-09 3.5809095e-09 3.6572214e-09 3.7333921e-09
6.1614585e-10 6.5138655e-10 6.8791336e-10 7.2573280e-10 7.6484951e-10 8.0526619e-10 8.4698358e-10 8.9000046e-10 9.3431365e-10 9.7991795e-10 1.0268062e-09 1.0749692e-09 1.1243958e-09 1.1750730e-09 1.2269857e-09 1.2801169e-09 1.3344479e-09 1.3899579e-09 1.4466244e-09 1.5044232e-09 1.5633283e-09 1.6233121e-09 1.6843453e-09 1.7463971e-09 1.8094351e-09 1.8734257e-09 1.9383338e-09 2.0041230e-09 2.0707557e-09 2.1381931e-09 2.2063954e-09 2.2753218e-09 2.3449305e-09 2.4151789e-09 2.4860237e-09 2.5574209e-09 2.6293257e-09 2.7016930e-09 2.7744771e-09 2.8476321e-09 2.9211116e-09 2.9948690e-09 3.0688577e-09 3.1430308e-09 3.2173417e-09 3.2917436e-09 3.3661898e-09 3.4406341e-09 3.5150303e-09 3.5893327e-09
5.8360530e-10 6.1715268e-10 6.5193925e-10 6.8797244e-10 7.2525786e-10 7.6379933e-10 8.0359882e-10 8.4465640e-10 8.8697030e-10 9.3053682e-10 9.7535039e-10 1.0214035e-09 1.0686868e-09 1.1171891e-09 1.1668972e-09 1.2177961e-09 1.2698690e-09 1.3230975e-09 1.3774610e-09 1.4329377e-09 1.4895038e-09 1.5471338e-09 1.6058009e-09 1.6654765e-09 1.7261309e-09 1.7877325e-09 1.8502487e-09 1.9136456e-09 1.9778878e-09 2.0429390e-09 2.1087619e-09 2.1753178e-09 2.2425674e-09 2.3104704e-09 2.3789857e-09 2.4480716e-09 2.5176856e-09 2.5877846e-09 2.6583252e-09 2.7292634e-09 2.8005548e-09 2.8721550e-09 2.9440191e-09 3.0161022e-09 3.0883594e-09 3.1607455e-09 3.2332157e-09 3.3057252e-09 3.3782293e-09 3.4506838e-09
5.5283161e-10 5.8476732e-10 6.1789668e-10 6.5222789e-10 6.8776746e-10 7.2452022e-10 7.6248921e-10 8.0167572e-10 8.4207924e-10 8.8369748e-10 9.2652630e-10 9.7055979e-10 1.0157902e-09 1.0622080e-09 1.1098018e-09 1.1585586e-09 1.2084633e-09 1.2594996e-09 1.3116489e-09 1.3648914e-09 1.4192055e-09 1.4745678e-09 1.5309538e-09 1.5883372e-09 1.6466901e-09 1.7059837e-09 1.7661873e-09 1.8272694e-09 1.8891970e-09 1.9519360e-09 2.0154512e-09 2.0797065e-09 2.1446646e-09 2.2102875e-09 2.2765364e-09 2.3433717e-09 2.4107529e-09 2.4786393e-09 2.5469892e-09 2.6157610e-09 2.6849121e-09 2.7543999e-09 2.8241816e-09 2.8942140e-09 2.9644539e-09 3.0348579e-09 3.1053828e-09 3.1759854e-09 3.2466225e-09 3.3172512e-09
5.2372601e-10 5.5412779e-10 5.8567902e-10 6.1838860e-10 6.5226385e-10 6.8731047e-10 7.2353250e-10 7.6093231e-10 7.9951056e-10 8.3926622e-10 8.8019651e-10 9.2229694e-10 9.6556126e-10 1.0099815e-09 1.0555481e-09 1.1022495e-09 1.1500726e-09 1.1990028e-09 1.2490236e-09 1.3001170e-09 1.3522634e-09 1.4054415e-09 1.4596288e-09 1.5148011e-09 1.5709328e-09 1.6279970e-09 1.6859655e-09 1.7448086e-09 1.8044956e-09 1.8649947e-09 1.9262729e-09 1.9882960e-09 2.0510292e-09 2.1144366e-09 2.1784813e-09 2.2431259e-09 2.3083321e-09 2.3740610e-09 2.4402733e-09 2.5069289e-09 2.5739875e-09 2.6414083e-09 2.7091501e-09 2.7771717e-09 2.8454316e-09 2.9138881e-09 2.9824995e-09 3.0512242e-09 3.1200206e-09 3.1888472e-09
4.9619541e-10 5.2513725e-10 5.5518570e-10 5.8635026e-10 6.1863896e-10 6.5205828e-10 6.8661316e-10 7.2230694e-10 7.5914136e-10 7.9711653e-10 8.3623091e-10 8.7648132e-10 9.1786292e-10 9.6036922e-10 1.0039921e-09 1.0487217e-09 1.0945467e-09 1.1414539e-09 1.1894289e-09 1.2384554e-09 1.2885156e-09 1.3395904e-09 1.3916589e-09 1.4446991e-09 1.4986874e-09 1.5535989e-09 1.6094074e-09 1.6660854e-09 1.7236044e-09 1.7819344e-09 1.8410445e-09 1.9009029e-09 1.9614766e-09 2.0227318e-09 2.0846338e-09 2.1471471e-09 2.2102354e-09 2.2738619e-09 2.3379891e-09 2.4025789e-09 2.4675928e-09 2.5329919e-09 2.5987368e-09 2.6647881e-09 2.7311058e-09 2.7976501e-09 2.8643808e-09 2.9312577e-09 2.9982409e-09 3.0652901e-09
4.7015208e-10 4.9770443e-10 5.2632187e-10 5.5601443e-10 5.8679076e-10 6.1865804e-10 6.5162202e-10 6.8568690e-10 7.2085541e-10 7.5712868e-10 7.9450633e-10 8.3298638e-10 8.7256527e-10 9.1323786e-10 9.5499745e-10 9.9783572e-10 1.0417428e-09 1.0867073e-09 1.1327163e-09 1.1797553e-09 1.2278082e-09 1.2768578e-09 1.3268850e-09 1.3778697e-09 1.4297902e-09 1.4826235e-09 1.5363454e-09 1.5909305e-09 1.6463520e-09 1.7025821e-09 1.7595919e-09 1.8173515e-09 1.8758300e-09 1.9349954e-09 1.9948152e-09 2.0552557e-09 2.1162827e-09 2.1778612e-09 2.2399556e-09 2.3025297e-09 2.3655468e-09 2.4289698e-09 2.4927610e-09 2.5568828e-09 2.6212968e-09 2.6859647e-09 2.7508481e-09 2.8159083e-09 2.8811067e-09 2.9464046e-09
4.4551332e-10 4.7174324e-10 4.9899803e-10 5.2728820e-10 5.5662292e-10 5.8701001e-10 6.1845591e-10 6.5096563e-10 6.8454275e-10 7.1918938e-10 7.5490616e-10 7.9169221e-10 8.2954517e-10 8.6846115e-10 9.0843476e-10 9.4945908e-10 9.9152569e-10 1.0346247e-09 1.0787447e-09 1.1238728e-09 1.1699947e-09 1.2170947e-09 1.2651557e-09 1.3141592e-09 1.3640852e-09 1.4149128e-09 1.4666195e-09 1.5191818e-09 1.5725747e-09 1.6267725e-09 1.6817482e-09 1.7374736e-09 1.7939199e-09 1.8510571e-09 1.9088542e-09 1.9672798e-09 2.0263014e-09 2.0858858e-09 2.1459993e-09 2.2066075e-09 2.2676755e-09 2.3291678e-09 2.3910487e-09 2.4532820e-09 2.5158310e-09 2.5786591e-09 2.6417293e-09 2.7050045e-09 2.7684474e-09 2.8320209e-09
4.2220118e-10 4.4717248e-10 4.7312976e-10 5.0008387e-10 5.2804448e-10 5.5701993e-10 5.8701731e-10 6.1804234e-10 6.5009937e-10 6.8319139e-10 7.1731997e-10 7.5248525e-10 7.8868595e-10 8.2591934e-10 8.6418125e-10 9.0346604e-10 9.4376665e-10 9.8507456e-10 1.0273798e-09 1.0706712e-09 1.1149357e-09 1.1601594e-09 1.2063268e-09 1.2534209e-09 1.3014238e-09 1.3503160e-09 1.4000769e-09 1.4506847e-09 1.5021163e-09 1.5543478e-09 1.6073540e-09 1.6611086e-09 1.7155845e-09 1.7707535e-09 1.8265867e-09 1.8830542e-09 1.9401255e-09 1.9977692e-09 2.0559532e-09 2.1146450e-09 2.1738114e-09 2.2334186e-09 2.2934324e-09 2.3538184e-09 2.4145416e-09 2.4755667e-09 2.5368583e-09 2.5983808e-09 2.6600984e-09 2.7219753e-09
4.0014216e-10 4.2391560e-10 4.4863737e-10 4.7431866e-10 5.0096951e-10 5.2859877e-10 5.5721406e-10 5.8682174e-10 6.1742687e-10 6.4903321e-10 6.8164319e-10 7.1525789e-10 7.4987700e-10 7.8549887e-10 8.2212044e-10 8.5973728e-10 8.9834357e-10 9.3793210e-10 9.7849430e-10 1.0200202e-09 1.0624986e-09 1.1059167e-09 1.1502607e-09 1.1955153e-09 1.2416641e-09 1.2886892e-09 1.3365717e-09 1.3852916e-09 1.4348275e-09 1.4851570e-09 1.5362568e-09 1.5881024e-09 1.6406684e-09 1.6939284e-09 1.7478552e-09 1.8024208e-09 1.8575961e-09 1.9133516e-09 1.9696571e-09 2.0264816e-09 2.0837935e-09 2.1415608e-09 2.1997510e-09 2.2583309e-09 2.3172674e-09 2.3765267e-09 2.4360748e-09 2.4958776e-09 2.5559006e-09 2.6161094e-09
3.7926695e-10 4.0190036e-10 4.2544569e-10 4.4991441e-10 4.7531689e-10 5.0166239e-10 5.2895903e-10 5.5721371e-10 5.8643213e-10 6.1661877e-10 6.4777681e-10 6.7990818e-10 7.1301349e-10 7.4709205e-10 7.8214185e-10 8.1815955e-10 8.5514050e-10 8.9307869e-10 9.3196682e-10 9.7179627e-10 1.0125571e-09 1.0542381e-09 1.0968268e-09 1.1403094e-09 1.1846710e-09 1.2298953e-09 1.2759650e-09 1.3228616e-09 1.3705654e-09 1.4190558e-09 1.4683109e-09 1.5183080e-09 1.5690234e-09 1.6204323e-09 1.6725092e-09 1.7252277e-09 1.7785607e-09 1.8324800e-09 1.8869572e-09 1.9419629e-09 1.9974672e-09 2.0534397e-09 2.1098492e-09 2.1666645e-09 2.2238537e-09 2.2813845e-09 2.3392244e-09 2.3973408e-09 2.4557005e-09 2.5142704e-09
3.5951021e-10 3.8105861e-10 4.0348375e-10 4.2679732e-10 4.5100996e-10 4.7613129e-10 5.0216984e-10 5.2913301e-10 5.5702707e-10 5.8585712e-10 6.1562705e-10 6.4633954e-10 6.7799605e-10 7.1059676e-10 7.4414063e-10 7.7862534e-10 8.1404729e-10 8.5040162e-10 8.8768220e-10 9.2588164e-10 9.6499128e-10 1.0050012e-09 1.0459004e-09 1.0876763e-09 1.1303155e-09 1.1738034e-09 1.2181239e-09 1.2632601e-09 1.3091939e-09 1.3559062e-09 1.4033768e-09 1.4515845e-09 1.5005071e-09 1.5501216e-09 1.6004041e-09 1.6513297e-09 1.7028729e-09 1.7550073e-09 1.8077058e-09 1.8609408e-09 1.9146839e-09 1.9689061e-09 2.0235780e-09 2.0786698e-09 2.1341509e-09 2.1899907e-09 2.2461581e-09 2.3026217e-09 2.3593498e-09 2.4163106e-09
3.4081029e-10 3.6132605e-10 3.8268458e-10 4.0489770e-10 4.2797631e-10 4.5193032e-10 4.7676861e-10 5.0249902e-10 5.2912832e-10 5.5666217e-10 5.8510509e-10 6.1446045e-10 6.4473047e-10 6.7591614e-10 7.0801731e-10 7.4103258e-10 7.7495935e-10 8.0979380e-10 8.4553090e-10 8.8216440e-10 9.1968685e-10 9.5808957e-10 9.9736272e-10 1.0374953e-09 1.0784750e-09 1.1202887e-09 1.1629217e-09 1.2063586e-09 1.2505828e-09 1.2955766e-09 1.3413212e-09 1.3877971e-09 1.4349837e-09 1.4828593e-09 1.5314016e-09 1.5805874e-09 1.6303925e-09 1.6807923e-09 1.7317611e-09 1.7832728e-09 1.8353005e-09 1.8878169e-09 1.9407939e-09 1.9942030e-09 2.0480155e-09 2.1022018e-09 2.1567323e-09 2.2115770e-09 2.2667056e-09 2.3220874e-09
3.2310906e-10 3.4264203e-10 3.6298495e-10 3.8414976e-10 4.0614755e-10 4.2898846e-10 4.5268170e-10 4.7723547e-10 5.0265699e-10 5.2895240e-10 5.5612680e-10 5.8418419e-10 6.1312744e-10 6.4295834e-10 6.7367750e-10 7.0528440e-10 7.3777734e-10 7.7115348e-10 8.0540881e-10 8.4053814e-10 8.7653512e-10 9.1339224e-10 9.5110086e-10 9.8965118e-10 1.0290323e-09 1.0692321e-09 1.1102376e-09 1.1520346e-09 1.1946078e-09 1.2379409e-09 1.2820168e-09 1.3268171e-09 1.3723228e-09 1.4185138e-09 1.4653691e-09 1.5128670e-09 1.5609850e-09 1.6096996e-09 1.6589869e-09 1.7088221e-09 1.7591799e-09 1.8100342e-09 1.8613586e-09 1.9131260e-09 1.9653088e-09 2.0178791e-09 2.0708086e-09 2.1240684e-09 2.1776298e-09 2.2314632e-09
3.0635167e-10 3.2494928e-10 3.4432516e-10 3.6449134e-10 3.8545904e-10 4.0723860e-10 4.2983948e-10 4.5327022e-10 4.7753841e-10 5.0265064e-10 5.2861250e-10 5.5542856e-10 5.8310232e-10 6.1163623e-10 6.4103164e-10 6.7128882e-10 7.0240692e-10 7.3438399e-10 7.6721695e-10 8.0090161e-10 8.3543266e-10 8.7080368e-10 9.0700713e-10 9.4403437e-10 9.8187569e-10 1.0205203e-09 1.0599563e-09 1.1001709e-09 1.1411501e-09 1.1828789e-09 1.2253416e-09 1.2685212e-09 1.3124000e-09 1.3569593e-09 1.4021797e-09 1.4480407e-09 1.4945213e-09 1.5415995e-09 1.5892526e-09 1.6374575e-09 1.6861901e-09 1.7354258e-09 1.7851395e-09 1.8353055e-09 1.8858977e-09 1.9368894e-09 1.9882535e-09 2.0399627e-09 2.0919893e-09 2.1443051e-09
2.9048638e-10 3.0819377e-10 3.2664886e-10 3.4586374e-10 3.6584970e-10 3.8661726e-10 4.0817609e-10 4.3053500e-10 4.5370190e-10 4.7768379e-10 5.0248669e-10 5.2811567e-10 5.5457481e-10 5.8186716e-10 6.0999474e-10 6.3895854e-10 6.6875849e-10 6.9939345e-10 7.3086124e-10 7.6315856e-10 7.9628109e-10 8.3022339e-10 8.6497899e-10 9.0054034e-10 9.3689884e-10 9.7404485e-10 1.0119677e-09 1.0506557e-09 1.0900962e-09 1.1302756e-09 1.1711791e-09 1.2127914e-09 1.2550960e-09 1.2980754e-09 1.3417117e-09 1.3859857e-09 1.4308777e-09 1.4763672e-09 1.5224329e-09 1.5690528e-09 1.6162043e-09 1.6638643e-09 1.7120088e-09 1.7606136e-09 1.8096538e-09 1.8591040e-09 1.9089385e-09 1.9591312e-09 2.0096556e-09 2.0604848e-09
