Pycode/rasters/asc_loose/q875.asc
ncols 433
nrows 433
xllcenter 78900.99
yllcenter 236143.00
cellsize 3
nodata_value -9999
[rows 22 to 43 of 433, columns 350 to 399 of 433]
3.3071683e-08 3.2957227e-08 3.2840230e-08 3.2720748e-08 3.2598834e-08 3.2474545e-08 3.2347935e-08 3.2219060e-08 3.2087974e-08 3.1954732e-08 3.1819390e-08 3.1682002e-08 3.1542620e-08 3.1401301e-08 3.1258095e-08 3.1113057e-08 3.0966239e-08 3.0817692e-08 3.0667468e-08 3.0515617e-08 3.0362191e-08 3.0207239e-08 3.0050811e-08 2.9892954e-08 2.9733718e-08 2.9573150e-08 2.9411297e-08 2.9248207e-08 2.9083924e-08 2.8918496e-08 2.8751966e-08 2.8584380e-08 2.8415783e-08 2.8246217e-08 2.8075727e-08 2.7904354e-08 2.7732142e-08 2.7559133e-08 2.7385368e-08 2.7210888e-08 2.7035734e-08 2.6859946e-08 2.6683565e-08 2.6506630e-08 2.6329180e-08 2.6151254e-08 2.5972890e-08 2.5794126e-08 2.5615000e-08 2.5435549e-08
3.3490074e-08 3.3370905e-08 3.3249180e-08 3.3124954e-08 3.2998286e-08 3.2869232e-08 3.2737849e-08 3.2604193e-08 3.2468322e-08 3.2330292e-08 3.2190158e-08 3.2047978e-08 3.1903806e-08 3.1757698e-08 3.1609708e-08 3.1459890e-08 3.1308298e-08 3.1154985e-08 3.1000004e-08 3.0843407e-08 3.0685245e-08 3.0525569e-08 3.0364431e-08 3.0201879e-08 3.0037963e-08 2.9872732e-08 2.9706234e-08 2.9538517e-08 2.9369628e-08 2.9199614e-08 2.9028520e-08 2.8856394e-08 2.8683279e-08 2.8509221e-08 2.8334263e-08 2.8158450e-08 2.7981825e-08 2.7804431e-08 2.7626310e-08 2.7447503e-08 2.7268054e-08 2.7088002e-08 2.6907389e-08 2.6726255e-08 2.6544639e-08 2.6362582e-08 2.6180121e-08 2.5997297e-08 2.5814147e-08 2.5630708e-08
3.3913102e-08 3.3789083e-08 3.3662493e-08 3.3533391e-08 3.3401835e-08 3.3267885e-08 3.3131598e-08 3.2993034e-08 3.2852250e-08 3.2709305e-08 3.2564257e-08 3.2417162e-08 3.2268078e-08 3.2117062e-08 3.1964169e-08 3.1809454e-08 3.1652974e-08 3.1494781e-08 3.1334931e-08 3.1173476e-08 3.1010470e-08 3.0845964e-08 3.0680010e-08 3.0512659e-08 3.0343961e-08 3.0173967e-08 3.0002726e-08 2.9830286e-08 2.9656696e-08 2.9482003e-08 2.9306255e-08 2.9129498e-08 2.8951779e-08 2.8773142e-08 2.8593634e-08 2.8413298e-08 2.8232179e-08 2.8050321e-08 2.7867767e-08 2.7684560e-08 2.7500742e-08 2.7316355e-08 2.7131441e-08 2.6946040e-08 2.6760193e-08 2.6573940e-08 2.6387321e-08 2.6200376e-08 2.6013142e-08 2.5825659e-08
3.4340771e-08 3.4211762e-08 3.4080170e-08 3.3946054e-08 3.3809475e-08 3.3670494e-08 3.3529171e-08 3.3385567e-08 3.3239741e-08 3.3091753e-08 3.2941663e-08 3.2789529e-08 3.2635409e-08 3.2479363e-08 3.2321446e-08 3.2161717e-08 3.2000231e-08 3.1837044e-08 3.1672211e-08 3.1505787e-08 3.1337826e-08 3.1168381e-08 3.0997505e-08 3.0825250e-08 3.0651668e-08 3.0476810e-08 3.0300725e-08 3.0123465e-08 2.9945078e-08 2.9765613e-08 2.9585118e-08 2.9403640e-08 2.9221227e-08 2.9037926e-08 2.8853782e-08 2.8668841e-08 2.8483148e-08 2.8296748e-08 2.8109684e-08 2.7922001e-08 2.7733741e-08 2.7544947e-08 2.7355662e-08 2.7165927e-08 2.6975783e-08 2.6785271e-08 2.6594432e-08 2.6403305e-08 2.6211930e-08 2.6020346e-08
3.4773084e-08 3.4638943e-08 3.4502207e-08 3.4362937e-08 3.4221197e-08 3.4077049e-08 3.3930554e-08 3.3781776e-08 3.3630775e-08 3.3477614e-08 3.3322353e-08 3.3165052e-08 3.3005771e-08 3.2844570e-08 3.2681508e-08 3.2516643e-08 3.2350032e-08 3.2181734e-08 3.2011803e-08 3.1840296e-08 3.1667269e-08 3.1492775e-08 3.1316869e-08 3.1139605e-08 3.0961034e-08 3.0781209e-08 3.0600181e-08 3.0418002e-08 3.0234721e-08 3.0050388e-08 2.9865053e-08 2.9678764e-08 2.9491570e-08 2.9303517e-08 2.9114652e-08 2.8925023e-08 2.8734674e-08 2.8543652e-08 2.8352002e-08 2.8159767e-08 2.7966992e-08 2.7773720e-08 2.7579994e-08 2.7385857e-08 2.7191350e-08 2.6996515e-08 2.6801394e-08 2.6606026e-08 2.6410451e-08 2.6214710e-08
3.5210043e-08 3.5070623e-08 3.4928598e-08 3.4784032e-08 3.4636989e-08 3.4487533e-08 3.4335729e-08 3.4181641e-08 3.4025331e-08 3.3866863e-08 3.3706299e-08 3.3543702e-08 3.3379132e-08 3.3212651e-08 3.3044319e-08 3.2874196e-08 3.2702340e-08 3.2528810e-08 3.2353665e-08 3.2176960e-08 3.1998754e-08 3.1819100e-08 3.1638055e-08 3.1455673e-08 3.1272007e-08 3.1087112e-08 3.0901039e-08 3.0713841e-08 3.0525569e-08 3.0336274e-08 3.0146006e-08 2.9954814e-08 2.9762747e-08 2.9569855e-08 2.9376184e-08 2.9181783e-08 2.8986698e-08 2.8790975e-08 2.8594660e-08 2.8397798e-08 2.8200434e-08 2.8002612e-08 2.7804377e-08 2.7605770e-08 2.7406835e-08 2.7207614e-08 2.7008148e-08 2.6808479e-08 2.6608647e-08 2.6408692e-08
3.5651644e-08 3.5506797e-08 3.5359336e-08 3.5209328e-08 3.5056837e-08 3.4901932e-08 3.4744678e-08 3.4585140e-08 3.4423383e-08 3.4259473e-08 3.4093473e-08 3.3925447e-08 3.3755458e-08 3.3583569e-08 3.3409840e-08 3.3234334e-08 3.3057111e-08 3.2878231e-08 3.2697752e-08 3.2515733e-08 3.2332231e-08 3.2147305e-08 3.1961010e-08 3.1773402e-08 3.1584535e-08 3.1394465e-08 3.1203245e-08 3.1010928e-08 3.0817566e-08 3.0623212e-08 3.0427916e-08 3.0231729e-08 3.0034701e-08 2.9836881e-08 2.9638318e-08 2.9439061e-08 2.9239157e-08 2.9038653e-08 2.8837596e-08 2.8636031e-08 2.8434005e-08 2.8231563e-08 2.8028747e-08 2.7825604e-08 2.7622175e-08 2.7418504e-08 2.7214632e-08 2.7010603e-08 2.6806456e-08 2.6602232e-08
3.6097884e-08 3.5947458e-08 3.5794410e-08 3.5638810e-08 3.5480726e-08 3.5320225e-08 3.5157377e-08 3.4992248e-08 3.4824905e-08 3.4655415e-08 3.4483842e-08 3.4310254e-08 3.4134714e-08 3.3957285e-08 3.3778032e-08 3.3597017e-08 3.3414302e-08 3.3229948e-08 3.3044015e-08 3.2856564e-08 3.2667652e-08 3.2477339e-08 3.2285682e-08 3.2092738e-08 3.1898563e-08 3.1703212e-08 3.1506741e-08 3.1309203e-08 3.1110653e-08 3.0911142e-08 3.0710723e-08 3.0509448e-08 3.0307367e-08 3.0104532e-08 2.9900991e-08 2.9696793e-08 2.9491988e-08 2.9286624e-08 2.9080747e-08 2.8874404e-08 2.8667642e-08 2.8460507e-08 2.8253043e-08 2.8045295e-08 2.7837307e-08 2.7629123e-08 2.7420785e-08 2.7212335e-08 2.7003816e-08 2.6795268e-08
3.6548756e-08 3.6392594e-08 3.6233806e-08 3.6072463e-08 3.5908634e-08 3.5742391e-08 3.5573803e-08 3.5402938e-08 3.5229866e-08 3.5054655e-08 3.4877372e-08 3.4698085e-08 3.4516858e-08 3.4333759e-08 3.4148851e-08 3.3962199e-08 3.3773866e-08 3.3583914e-08 3.3392406e-08 3.3199402e-08 3.3004962e-08 3.2809147e-08 3.2612015e-08 3.2413624e-08 3.2214031e-08 3.2013293e-08 3.1811467e-08 3.1608606e-08 3.1404767e-08 3.1200002e-08 3.0994365e-08 3.0787908e-08 3.0580684e-08 3.0372744e-08 3.0164137e-08 2.9954916e-08 2.9745127e-08 2.9534822e-08 2.9324047e-08 2.9112851e-08 2.8901279e-08 2.8689380e-08 2.8477198e-08 2.8264779e-08 2.8052167e-08 2.7839407e-08 2.7626541e-08 2.7413613e-08 2.7200665e-08 2.6987739e-08
3.7004250e-08 3.6842194e-08 3.6677509e-08 3.6510267e-08 3.6340542e-08 3.6168404e-08 3.5993926e-08 3.5817179e-08 3.5638234e-08 3.5457159e-08 3.5274025e-08 3.5088900e-08 3.4901851e-08 3.4712946e-08 3.4522251e-08 3.4329832e-08 3.4135753e-08 3.3940078e-08 3.3742871e-08 3.3544193e-08 3.3344106e-08 3.3142672e-08 3.2939950e-08 3.2736000e-08 3.2530880e-08 3.2324647e-08 3.2117360e-08 3.1909074e-08 3.1699844e-08 3.1489727e-08 3.1278775e-08 3.1067044e-08 3.0854585e-08 3.0641450e-08 3.0427692e-08 3.0213361e-08 2.9998507e-08 2.9783181e-08 2.9567430e-08 2.9351304e-08 2.9134850e-08 2.8918116e-08 2.8701147e-08 2.8483989e-08 2.8266689e-08 2.8049290e-08 2.7831837e-08 2.7614372e-08 2.7396939e-08 2.7179579e-08
3.7464353e-08 3.7296241e-08 3.7125499e-08 3.6952201e-08 3.6776423e-08 3.6598237e-08 3.6417718e-08 3.6234939e-08 3.6049973e-08 3.5862889e-08 3.5673761e-08 3.5482657e-08 3.5289647e-08 3.5094800e-08 3.4898184e-08 3.4699865e-08 3.4499911e-08 3.4298385e-08 3.4095354e-08 3.3890880e-08 3.3685026e-08 3.3477855e-08 3.3269428e-08 3.3059805e-08 3.2849046e-08 3.2637210e-08 3.2424356e-08 3.2210540e-08 3.1995820e-08 3.1780251e-08 3.1563888e-08 3.1346787e-08 3.1129001e-08 3.0910583e-08 3.0691585e-08 3.0472060e-08 3.0252059e-08 3.0031631e-08 2.9810827e-08 2.9589696e-08 2.9368286e-08 2.9146645e-08 2.8924821e-08 2.8702859e-08 2.8480805e-08 2.8258706e-08 2.8036604e-08 2.7814545e-08 2.7592571e-08 2.7370725e-08
3.7929051e-08 3.7754718e-08 3.7577755e-08 3.7398240e-08 3.7216249e-08 3.7031859e-08 3.6845145e-08 3.6656182e-08 3.6465044e-08 3.6271804e-08 3.6076535e-08 3.5879310e-08 3.5680198e-08 3.5479271e-08 3.5276597e-08 3.5072246e-08 3.4866284e-08 3.4658780e-08 3.4449797e-08 3.4239403e-08 3.4027660e-08 3.3814633e-08 3.3600384e-08 3.3384974e-08 3.3168465e-08 3.2950916e-08 3.2732388e-08 3.2512938e-08 3.2292625e-08 3.2071505e-08 3.1849634e-08 3.1627069e-08 3.1403863e-08 3.1180072e-08 3.0955748e-08 3.0730944e-08 3.0505712e-08 3.0280103e-08 3.0054168e-08 2.9827956e-08 2.9601517e-08 2.9374899e-08 2.9148151e-08 2.8921318e-08 2.8694448e-08 2.8467586e-08 2.8240777e-08 2.8014066e-08 2.7787497e-08 2.7561111e-08
3.8398324e-08 3.8217601e-08 3.8034251e-08 3.7848355e-08 3.7659991e-08 3.7469236e-08 3.7276170e-08 3.7080867e-08 3.6883405e-08 3.6683859e-08 3.6482303e-08 3.6278810e-08 3.6073454e-08 3.5866306e-08 3.5657437e-08 3.5446917e-08 3.5234816e-08 3.5021201e-08 3.4806140e-08 3.4589700e-08 3.4371945e-08 3.4152941e-08 3.3932752e-08 3.3711440e-08 3.3489068e-08 3.3265697e-08 3.3041387e-08 3.2816198e-08 3.2590189e-08 3.2363417e-08 3.2135941e-08 3.1907817e-08 3.1679100e-08 3.1449845e-08 3.1220107e-08 3.0989939e-08 3.0759394e-08 3.0528524e-08 3.0297380e-08 3.0066012e-08 2.9834472e-08 2.9602807e-08 2.9371066e-08 2.9139297e-08 2.8907547e-08 2.8675862e-08 2.8444287e-08 2.8212867e-08 2.7981647e-08 2.7750670e-08
3.8872151e-08 3.8684866e-08 3.8494960e-08 3.8302516e-08 3.8107613e-08 3.7910332e-08 3.7710753e-08 3.7508954e-08 3.7305013e-08 3.7099008e-08 3.6891014e-08 3.6681106e-08 3.6469361e-08 3.6255849e-08 3.6040645e-08 3.5823820e-08 3.5605444e-08 3.5385587e-08 3.5164319e-08 3.4941705e-08 3.4717815e-08 3.4492713e-08 3.4266465e-08 3.4039135e-08 3.3810786e-08 3.3581481e-08 3.3351281e-08 3.3120247e-08 3.2888439e-08 3.2655916e-08 3.2422736e-08 3.2188958e-08 3.1954636e-08 3.1719828e-08 3.1484589e-08 3.1248972e-08 3.1013031e-08 3.0776820e-08 3.0540390e-08 3.0303792e-08 3.0067077e-08 2.9830295e-08 2.9593495e-08 2.9356724e-08 2.9120031e-08 2.8883462e-08 2.8647063e-08 2.8410879e-08 2.8174955e-08 2.7939334e-08
3.9350507e-08 3.9156485e-08 3.8959851e-08 3.8760688e-08 3.8559078e-08 3.8355106e-08 3.8148851e-08 3.7940396e-08 3.7729819e-08 3.7517199e-08 3.7302615e-08 3.7086144e-08 3.6867861e-08 3.6647843e-08 3.6426162e-08 3.6202892e-08 3.5978106e-08 3.5751873e-08 3.5524266e-08 3.5295352e-08 3.5065200e-08 3.4833878e-08 3.4601451e-08 3.4367985e-08 3.4133545e-08 3.3898194e-08 3.3661995e-08 3.3425010e-08 3.3187300e-08 3.2948925e-08 3.2709944e-08 3.2470415e-08 3.2230397e-08 3.1989945e-08 3.1749117e-08 3.1507966e-08 3.1266548e-08 3.1024916e-08 3.0783123e-08 3.0541220e-08 3.0299259e-08 3.0057290e-08 2.9815363e-08 2.9573526e-08 2.9331828e-08 2.9090315e-08 2.8849034e-08 2.8608031e-08 2.8367350e-08 2.8127035e-08
3.9833364e-08 3.9632427e-08 3.9428888e-08 3.9222833e-08 3.9014346e-08 3.8803514e-08 3.8590419e-08 3.8375144e-08 3.8157771e-08 3.7938380e-08 3.7717052e-08 3.7493865e-08 3.7268897e-08 3.7042224e-08 3.6813923e-08 3.6584069e-08 3.6352734e-08 3.6119991e-08 3.5885912e-08 3.5650569e-08 3.5414029e-08 3.5176362e-08 3.4937636e-08 3.4697916e-08 3.4457270e-08 3.4215761e-08 3.3973454e-08 3.3730411e-08 3.3486695e-08 3.3242366e-08 3.2997485e-08 3.2752111e-08 3.2506303e-08 3.2260118e-08 3.2013614e-08 3.1766845e-08 3.1519867e-08 3.1272735e-08 3.1025502e-08 3.0778220e-08 3.0530941e-08 3.0283717e-08 3.0036596e-08 2.9789629e-08 2.9542864e-08 2.9296348e-08 2.9050129e-08 2.8804252e-08 2.8558761e-08 2.8313703e-08
4.0320691e-08 4.0112657e-08 3.9902033e-08 3.9688910e-08 3.9473373e-08 3.9255510e-08 3.9035406e-08 3.8813147e-08 3.8588815e-08 3.8362493e-08 3.8134264e-08 3.7904207e-08 3.7672403e-08 3.7438929e-08 3.7203863e-08 3.6967281e-08 3.6729258e-08 3.6489869e-08 3.6249186e-08 3.6007281e-08 3.5764226e-08 3.5520091e-08 3.5274943e-08 3.5028852e-08 3.4781883e-08 3.4534104e-08 3.4285578e-08 3.4036370e-08 3.3786544e-08 3.3536160e-08 3.3285281e-08 3.3033966e-08 3.2782275e-08 3.2530267e-08 3.2277999e-08 3.2025527e-08 3.1772909e-08 3.1520198e-08 3.1267448e-08 3.1014713e-08 3.0762046e-08 3.0509497e-08 3.0257118e-08 3.0004957e-08 2.9753065e-08 2.9501488e-08 2.9250274e-08 2.8999469e-08 2.8749119e-08 2.8499267e-08
4.0812452e-08 4.0597135e-08 4.0379246e-08 4.0158874e-08 3.9936110e-08 3.9711043e-08 3.9483760e-08 3.9254348e-08 3.9022893e-08 3.8789479e-08 3.8554190e-08 3.8317108e-08 3.8078314e-08 3.7837888e-08 3.7595910e-08 3.7352457e-08 3.7107606e-08 3.6861432e-08 3.6614010e-08 3.6365414e-08 3.6115715e-08 3.5864985e-08 3.5613294e-08 3.5360711e-08 3.5107304e-08 3.4853140e-08 3.4598286e-08 3.4342806e-08 3.4086764e-08 3.3830225e-08 3.3573248e-08 3.3315897e-08 3.3058231e-08 3.2800310e-08 3.2542191e-08 3.2283933e-08 3.2025592e-08 3.1767223e-08 3.1508881e-08 3.1250621e-08 3.0992495e-08 3.0734554e-08 3.0476850e-08 3.0219434e-08 2.9962354e-08 2.9705658e-08 2.9449395e-08 2.9193610e-08 2.8938349e-08 2.8683657e-08
4.1308609e-08 4.1085821e-08 4.0860479e-08 4.0632678e-08 4.0402507e-08 4.0170059e-08 3.9935423e-08 3.9698689e-08 3.9459943e-08 3.9219272e-08 3.8976762e-08 3.8732497e-08 3.8486559e-08 3.8239031e-08 3.7989992e-08 3.7739523e-08 3.7487701e-08 3.7234604e-08 3.6980308e-08 3.6724887e-08 3.6468414e-08 3.6210964e-08 3.5952606e-08 3.5693411e-08 3.5433449e-08 3.5172787e-08 3.4911493e-08 3.4649633e-08 3.4387273e-08 3.4124475e-08 3.3861304e-08 3.3597820e-08 3.3334087e-08 3.3070162e-08 3.2806107e-08 3.2541978e-08 3.2277833e-08 3.2013729e-08 3.1749720e-08 3.1485862e-08 3.1222207e-08 3.0958807e-08 3.0695715e-08 3.0432981e-08 3.0170654e-08 2.9908783e-08 2.9647416e-08 2.9386600e-08 2.9126379e-08 2.8866799e-08
4.1809118e-08 4.1578667e-08 4.1345685e-08 4.1110268e-08 4.0872508e-08 4.0632500e-08 4.0390336e-08 4.0146106e-08 3.9899900e-08 3.9651807e-08 3.9401913e-08 3.9150304e-08 3.8897066e-08 3.8642281e-08 3.8386033e-08 3.8128401e-08 3.7869465e-08 3.7609305e-08 3.7347996e-08 3.7085617e-08 3.6822241e-08 3.6557942e-08 3.6292794e-08 3.6026867e-08 3.5760232e-08 3.5492958e-08 3.5225114e-08 3.4956766e-08 3.4687982e-08 3.4418825e-08 3.4149359e-08 3.3879649e-08 3.3609755e-08 3.3339739e-08 3.3069660e-08 3.2799578e-08 3.2529549e-08 3.2259632e-08 3.1989882e-08 3.1720353e-08 3.1451100e-08 3.1182176e-08 3.0913632e-08 3.0645519e-08 3.0377887e-08 3.0110786e-08 2.9844262e-08 2.9578363e-08 2.9313135e-08 2.9048622e-08
4.2313934e-08 4.2075625e-08 4.1834811e-08 4.1591588e-08 4.1346055e-08 4.1098305e-08 4.0848434e-08 4.0596533e-08 4.0342695e-08 4.0087011e-08 3.9829568e-08 3.9570455e-08 3.9309758e-08 3.9047562e-08 3.8783951e-08 3.8519008e-08 3.8252814e-08 3.7985449e-08 3.7716992e-08 3.7447519e-08 3.7177109e-08 3.6905834e-08 3.6633771e-08 3.6360990e-08 3.6087565e-08 3.5813565e-08 3.5539059e-08 3.5264116e-08 3.4988802e-08 3.4713185e-08 3.4437328e-08 3.4161295e-08 3.3885149e-08 3.3608952e-08 3.3332764e-08 3.3056645e-08 3.2780653e-08 3.2504846e-08 3.2229281e-08 3.1954011e-08 3.1679092e-08 3.1404578e-08 3.1130519e-08 3.0856968e-08 3.0583974e-08 3.0311587e-08 3.0039855e-08 2.9768824e-08 2.9498541e-08 2.9229050e-08
4.2823005e-08 4.2576640e-08 4.2327798e-08 4.2076580e-08 4.1823084e-08 4.1567408e-08 4.1309648e-08 4.1049900e-08 4.0788256e-08 4.0524809e-08 4.0259651e-08 3.9992869e-08 3.9724554e-08 3.9454790e-08 3.9183665e-08 3.8911262e-08 3.8637663e-08 3.8362951e-08 3.8087205e-08 3.7810505e-08 3.7532927e-08 3.7254549e-08 3.6975446e-08 3.6695691e-08 3.6415357e-08 3.6134515e-08 3.5853237e-08 3.5571590e-08 3.5289643e-08 3.5007464e-08 3.4725117e-08 3.4442667e-08 3.4160178e-08 3.3877711e-08 3.3595330e-08 3.3313092e-08 3.3031058e-08 3.2749285e-08 3.2467831e-08 3.2186750e-08 3.1906099e-08 3.1625929e-08 3.1346295e-08 3.1067246e-08 3.0788835e-08 3.0511109e-08 3.0234117e-08 2.9957906e-08 2.9682522e-08 2.9408010e-08
