Pycode/rasters/asc_loose (copy)/q625.asc
ncols 527
nrows 527
xllcenter 78706.77
yllcenter 236907.08
cellsize 4
nodata_value -9999
[rows 110 to 131 of 527, columns 200 to 249 of 527]
1.3665968e-08 1.3822765e-08 1.3979222e-08 1.4135240e-08 1.4290716e-08 1.4445549e-08 1.4599634e-08 1.4752865e-08 1.4905137e-08 1.5056341e-08 1.5206370e-08 1.5355115e-08 1.5502467e-08 1.5648317e-08 1.5792556e-08 1.5935075e-08 1.6075766e-08 1.6214521e-08 1.6351234e-08 1.6485798e-08 1.6618111e-08 1.6748070e-08 1.6875575e-08 1.7000528e-08 1.7122832e-08 1.7242397e-08 1.7359131e-08 1.7472949e-08 1.7583768e-08 1.7691509e-08 1.7796098e-08 1.7897463e-08 1.7995539e-08 1.8090267e-08 1.8181589e-08 1.8269456e-08 1.8353823e-08 1.8434652e-08 1.8511910e-08 1.8585571e-08 1.8655614e-08 1.8722027e-08 1.8784803e-08 1.8843943e-08 1.8899453e-08 1.8951348e-08 1.8999650e-08 1.9044388e-08 1.9085596e-08 1.9123320e-08
1.3854332e-08 1.4014947e-08 1.4175260e-08 1.4335170e-08 1.4494572e-08 1.4653361e-08 1.4811430e-08 1.4968671e-08 1.5124974e-08 1.5280228e-08 1.5434322e-08 1.5587144e-08 1.5738583e-08 1.5888524e-08 1.6036855e-08 1.6183465e-08 1.6328240e-08 1.6471069e-08 1.6611842e-08 1.6750449e-08 1.6886783e-08 1.7020738e-08 1.7152208e-08 1.7281093e-08 1.7407292e-08 1.7530709e-08 1.7651250e-08 1.7768825e-08 1.7883348e-08 1.7994736e-08 1.8102910e-08 1.8207797e-08 1.8309328e-08 1.8407438e-08 1.8502068e-08 1.8593166e-08 1.8680685e-08 1.8764582e-08 1.8844824e-08 1.8921380e-08 1.8994231e-08 1.9063359e-08 1.9128758e-08 1.9190427e-08 1.9248371e-08 1.9302606e-08 1.9353151e-08 1.9400035e-08 1.9443296e-08 1.9482975e-08
1.4045973e-08 1.4210501e-08 1.4374769e-08 1.4538671e-08 1.4702102e-08 1.4864953e-08 1.5027114e-08 1.5188474e-08 1.5348920e-08 1.5508338e-08 1.5666614e-08 1.5823632e-08 1.5979276e-08 1.6133430e-08 1.6285977e-08 1.6436801e-08 1.6585786e-08 1.6732817e-08 1.6877778e-08 1.7020557e-08 1.7161042e-08 1.7299122e-08 1.7434689e-08 1.7567637e-08 1.7697861e-08 1.7825262e-08 1.7949741e-08 1.8071204e-08 1.8189562e-08 1.8304726e-08 1.8416615e-08 1.8525151e-08 1.8630262e-08 1.8731880e-08 1.8829943e-08 1.8924395e-08 1.9015185e-08 1.9102270e-08 1.9185611e-08 1.9265178e-08 1.9340947e-08 1.9412901e-08 1.9481030e-08 1.9545333e-08 1.9605814e-08 1.9662487e-08 1.9715372e-08 1.9764498e-08 1.9809901e-08 1.9851625e-08
1.4240962e-08 1.4409502e-08 1.4577825e-08 1.4745824e-08 1.4913389e-08 1.5080410e-08 1.5246774e-08 1.5412366e-08 1.5577071e-08 1.5740771e-08 1.5903348e-08 1.6064683e-08 1.6224656e-08 1.6383148e-08 1.6540038e-08 1.6695205e-08 1.6848530e-08 1.6999893e-08 1.7149176e-08 1.7296260e-08 1.7441030e-08 1.7583371e-08 1.7723169e-08 1.7860316e-08 1.7994702e-08 1.8126222e-08 1.8254776e-08 1.8380263e-08 1.8502589e-08 1.8621664e-08 1.8737402e-08 1.8849721e-08 1.8958544e-08 1.9063800e-08 1.9165425e-08 1.9263357e-08 1.9357545e-08 1.9447940e-08 1.9534503e-08 1.9617200e-08 1.9696005e-08 1.9770899e-08 1.9841871e-08 1.9908917e-08 1.9972042e-08 2.0031257e-08 2.0086584e-08 2.0138049e-08 2.0185690e-08 2.0229551e-08
1.4439374e-08 1.4612026e-08 1.4784508e-08 1.4956709e-08 1.5128518e-08 1.5299821e-08 1.5470501e-08 1.5640442e-08 1.5809524e-08 1.5977626e-08 1.6144627e-08 1.6310405e-08 1.6474835e-08 1.6637794e-08 1.6799157e-08 1.6958801e-08 1.7116600e-08 1.7272431e-08 1.7426172e-08 1.7577699e-08 1.7726893e-08 1.7873634e-08 1.8017805e-08 1.8159291e-08 1.8297980e-08 1.8433762e-08 1.8566530e-08 1.8696182e-08 1.8822618e-08 1.8945744e-08 1.9065469e-08 1.9181708e-08 1.9294381e-08 1.9403411e-08 1.9508731e-08 1.9610277e-08 1.9707993e-08 1.9801827e-08 1.9891738e-08 1.9977690e-08 2.0059653e-08 2.0137607e-08 2.0211539e-08 2.0281443e-08 2.0347323e-08 2.0409190e-08 2.0467064e-08 2.0520972e-08 2.0570952e-08 2.0617047e-08
1.4641287e-08 1.4818154e-08 1.4994900e-08 1.5171412e-08 1.5347576e-08 1.5523274e-08 1.5698389e-08 1.5872797e-08 1.6046379e-08 1.6219008e-08 1.6390561e-08 1.6560910e-08 1.6729928e-08 1.6897487e-08 1.7063460e-08 1.7227716e-08 1.7390128e-08 1.7550568e-08 1.7708908e-08 1.7865021e-08 1.8018783e-08 1.8170069e-08 1.8318758e-08 1.8464729e-08 1.8607867e-08 1.8748056e-08 1.8885186e-08 1.9019149e-08 1.9149841e-08 1.9277163e-08 1.9401021e-08 1.9521324e-08 1.9637988e-08 1.9750934e-08 1.9860089e-08 1.9965386e-08 2.0066766e-08 2.0164175e-08 2.0257566e-08 2.0346902e-08 2.0432151e-08 2.0513290e-08 2.0590304e-08 2.0663186e-08 2.0731938e-08 2.0796571e-08 2.0857102e-08 2.0913561e-08 2.0965984e-08 2.1014415e-08
1.4846781e-08 1.5027968e-08 1.5209087e-08 1.5390021e-08 1.5570654e-08 1.5750866e-08 1.5930533e-08 1.6109533e-08 1.6287739e-08 1.6465024e-08 1.6641258e-08 1.6816312e-08 1.6990054e-08 1.7162351e-08 1.7333072e-08 1.7502083e-08 1.7669251e-08 1.7834444e-08 1.7997530e-08 1.8158376e-08 1.8316855e-08 1.8472836e-08 1.8626193e-08 1.8776801e-08 1.8924540e-08 1.9069288e-08 1.9210932e-08 1.9349357e-08 1.9484457e-08 1.9616126e-08 1.9744266e-08 1.9868783e-08 1.9989587e-08 2.0106595e-08 2.0219731e-08 2.0328924e-08 2.0434110e-08 2.0535233e-08 2.0632243e-08 2.0725098e-08 2.0813766e-08 2.0898220e-08 2.0978444e-08 2.1054429e-08 2.1126176e-08 2.1193693e-08 2.1256999e-08 2.1316122e-08 2.1371097e-08 2.1421971e-08
1.5055937e-08 1.5241553e-08 1.5427155e-08 1.5612627e-08 1.5797846e-08 1.5982691e-08 1.6167035e-08 1.6350752e-08 1.6533712e-08 1.6715784e-08 1.6896835e-08 1.7076730e-08 1.7255335e-08 1.7432512e-08 1.7608125e-08 1.7782037e-08 1.7954109e-08 1.8124205e-08 1.8292188e-08 1.8457921e-08 1.8621270e-08 1.8782101e-08 1.8940282e-08 1.9095685e-08 1.9248181e-08 1.9397647e-08 1.9543961e-08 1.9687007e-08 1.9826672e-08 1.9962845e-08 2.0095424e-08 2.0224310e-08 2.0349408e-08 2.0470632e-08 2.0587900e-08 2.0701139e-08 2.0810279e-08 2.0915262e-08 2.1016034e-08 2.1112551e-08 2.1204777e-08 2.1292683e-08 2.1376250e-08 2.1455469e-08 2.1530337e-08 2.1600864e-08 2.1667066e-08 2.1728971e-08 2.1786614e-08 2.1840043e-08
1.5268843e-08 1.5458997e-08 1.5649197e-08 1.5839322e-08 1.6029248e-08 1.6218849e-08 1.6407997e-08 1.6596561e-08 1.6784408e-08 1.6971402e-08 1.7157408e-08 1.7342286e-08 1.7525897e-08 1.7708100e-08 1.7888754e-08 1.8067717e-08 1.8244847e-08 1.8420000e-08 1.8593037e-08 1.8763814e-08 1.8932193e-08 1.9098035e-08 1.9261203e-08 1.9421561e-08 1.9578979e-08 1.9733325e-08 1.9884475e-08 2.0032306e-08 2.0176698e-08 2.0317539e-08 2.0454720e-08 2.0588136e-08 2.0717689e-08 2.0843288e-08 2.0964847e-08 2.1082286e-08 2.1195536e-08 2.1304531e-08 2.1409215e-08 2.1509541e-08 2.1605470e-08 2.1696970e-08 2.1784021e-08 2.1866610e-08 2.1944734e-08 2.2018401e-08 2.2087626e-08 2.2152437e-08 2.2212869e-08 2.2268970e-08
1.5485587e-08 1.5680392e-08 1.5875305e-08 1.6070203e-08 1.6264959e-08 1.6459443e-08 1.6653525e-08 1.6847069e-08 1.7039939e-08 1.7231996e-08 1.7423098e-08 1.7613105e-08 1.7801871e-08 1.7989251e-08 1.8175099e-08 1.8359269e-08 1.8541614e-08 1.8721985e-08 1.8900237e-08 1.9076223e-08 1.9249797e-08 1.9420816e-08 1.9589137e-08 1.9754620e-08 1.9917128e-08 2.0076525e-08 2.0232680e-08 2.0385465e-08 2.0534756e-08 2.0680434e-08 2.0822385e-08 2.0960500e-08 2.1094676e-08 2.1224815e-08 2.1350829e-08 2.1472633e-08 2.1590152e-08 2.1703318e-08 2.1812072e-08 2.1916361e-08 2.2016145e-08 2.2111388e-08 2.2202068e-08 2.2288171e-08 2.2369690e-08 2.2446633e-08 2.2519015e-08 2.2586862e-08 2.2650210e-08 2.2709105e-08
1.5706261e-08 1.5905832e-08 1.6105578e-08 1.6305371e-08 1.6505083e-08 1.6704581e-08 1.6903729e-08 1.7102390e-08 1.7300423e-08 1.7497686e-08 1.7694032e-08 1.7889316e-08 1.8083390e-08 1.8276102e-08 1.8467303e-08 1.8656841e-08 1.8844564e-08 1.9030318e-08 1.9213953e-08 1.9395316e-08 1.9574256e-08 1.9750625e-08 1.9924273e-08 2.0095056e-08 2.0262830e-08 2.0427454e-08 2.0588790e-08 2.0746706e-08 2.0901073e-08 2.1051764e-08 2.1198661e-08 2.1341650e-08 2.1480622e-08 2.1615475e-08 2.1746115e-08 2.1872453e-08 2.1994410e-08 2.2111913e-08 2.2224900e-08 2.2333314e-08 2.2437110e-08 2.2536253e-08 2.2630715e-08 2.2720480e-08 2.2805542e-08 2.2885904e-08 2.2961582e-08 2.3032601e-08 2.3098997e-08 2.3160816e-08
1.5930960e-08 1.6135415e-08 1.6340115e-08 1.6544929e-08 1.6749727e-08 1.6954371e-08 1.7158723e-08 1.7362641e-08 1.7565982e-08 1.7768597e-08 1.7970339e-08 1.8171055e-08 1.8370593e-08 1.8568798e-08 1.8765515e-08 1.8960587e-08 1.9153856e-08 1.9345164e-08 1.9534355e-08 1.9721270e-08 1.9905754e-08 2.0087650e-08 2.0266806e-08 2.0443070e-08 2.0616291e-08 2.0786325e-08 2.0953027e-08 2.1116258e-08 2.1275883e-08 2.1431771e-08 2.1583797e-08 2.1731842e-08 2.1875792e-08 2.2015539e-08 2.2150983e-08 2.2282033e-08 2.2408602e-08 2.2530616e-08 2.2648005e-08 2.2760712e-08 2.2868687e-08 2.2971891e-08 2.3070295e-08 2.3163880e-08 2.3252637e-08 2.3336569e-08 2.3415689e-08 2.3490023e-08 2.3559606e-08 2.3624484e-08
1.6159784e-08 1.6369243e-08 1.6579021e-08 1.6788986e-08 1.6999001e-08 1.7208927e-08 1.7418624e-08 1.7627944e-08 1.7836739e-08 1.8044860e-08 1.8252151e-08 1.8458458e-08 1.8663623e-08 1.8867487e-08 1.9069888e-08 1.9270664e-08 1.9469654e-08 1.9666693e-08 1.9861618e-08 2.0054267e-08 2.0244477e-08 2.0432087e-08 2.0616937e-08 2.0798869e-08 2.0977727e-08 2.1153360e-08 2.1325617e-08 2.1494354e-08 2.1659429e-08 2.1820705e-08 2.1978051e-08 2.2131341e-08 2.2280457e-08 2.2425286e-08 2.2565721e-08 2.2701666e-08 2.2833032e-08 2.2959736e-08 2.3081707e-08 2.3198882e-08 2.3311209e-08 2.3418645e-08 2.3521157e-08 2.3618725e-08 2.3711338e-08 2.3798996e-08 2.3881713e-08 2.3959511e-08 2.4032427e-08 2.4100507e-08
1.6392836e-08 1.6607422e-08 1.6822406e-08 1.7037651e-08 1.7253020e-08 1.7468369e-08 1.7683553e-08 1.7898423e-08 1.8112826e-08 1.8326607e-08 1.8539608e-08 1.8751670e-08 1.8962628e-08 1.9172320e-08 1.9380579e-08 1.9587237e-08 1.9792127e-08 1.9995079e-08 2.0195925e-08 2.0394495e-08 2.0590621e-08 2.0784135e-08 2.0974872e-08 2.1162667e-08 2.1347359e-08 2.1528788e-08 2.1706799e-08 2.1881240e-08 2.2051962e-08 2.2218824e-08 2.2381688e-08 2.2540422e-08 2.2694901e-08 2.2845006e-08 2.2990627e-08 2.3131660e-08 2.3268012e-08 2.3399595e-08 2.3526334e-08 2.3648161e-08 2.3765021e-08 2.3876866e-08 2.3983662e-08 2.4085385e-08 2.4182021e-08 2.4273570e-08 2.4360044e-08 2.4441464e-08 2.4517865e-08 2.4589296e-08
1.6630224e-08 1.6850062e-08 1.7070381e-08 1.7291042e-08 1.7511902e-08 1.7732817e-08 1.7953637e-08 1.8174208e-08 1.8394375e-08 1.8613977e-08 1.8832852e-08 1.9050836e-08 1.9267761e-08 1.9483457e-08 1.9697752e-08 1.9910475e-08 2.0121451e-08 2.0330505e-08 2.0537462e-08 2.0742147e-08 2.0944385e-08 2.1144003e-08 2.1340827e-08 2.1534688e-08 2.1725416e-08 2.1912846e-08 2.2096815e-08 2.2277166e-08 2.2453743e-08 2.2626397e-08 2.2794985e-08 2.2959368e-08 2.3119414e-08 2.3275000e-08 2.3426009e-08 2.3572332e-08 2.3713868e-08 2.3850528e-08 2.3982229e-08 2.4108900e-08 2.4230481e-08 2.4346922e-08 2.4458185e-08 2.4564241e-08 2.4665077e-08 2.4760690e-08 2.4851089e-08 2.4936295e-08 2.5016343e-08 2.5091281e-08
1.6872060e-08 1.7097279e-08 1.7323065e-08 1.7549278e-08 1.7775773e-08 1.8002400e-08 1.8229006e-08 1.8455435e-08 1.8681525e-08 1.8907113e-08 1.9132032e-08 1.9356111e-08 1.9579178e-08 1.9801059e-08 2.0021577e-08 2.0240552e-08 2.0457806e-08 2.0673156e-08 2.0886423e-08 2.1097424e-08 2.1305977e-08 2.1511904e-08 2.1715023e-08 2.1915159e-08 2.2112134e-08 2.2305778e-08 2.2495919e-08 2.2682394e-08 2.2865040e-08 2.3043701e-08 2.3218227e-08 2.3388473e-08 2.3554301e-08 2.3715580e-08 2.3872188e-08 2.4024009e-08 2.4170938e-08 2.4312879e-08 2.4449746e-08 2.4581462e-08 2.4707962e-08 2.4829194e-08 2.4945114e-08 2.5055693e-08 2.5160913e-08 2.5260770e-08 2.5355270e-08 2.5444436e-08 2.5528300e-08 2.5606910e-08
1.7118462e-08 1.7349190e-08 1.7580579e-08 1.7812485e-08 1.8044759e-08 1.8277249e-08 1.8509797e-08 1.8742242e-08 1.8974421e-08 1.9206163e-08 1.9437299e-08 1.9667652e-08 1.9897044e-08 2.0125297e-08 2.0352227e-08 2.0577649e-08 2.0801378e-08 2.1023227e-08 2.1243007e-08 2.1460532e-08 2.1675612e-08 2.1888060e-08 2.2097690e-08 2.2304317e-08 2.2507760e-08 2.2707837e-08 2.2904372e-08 2.3097193e-08 2.3286131e-08 2.3471023e-08 2.3651711e-08 2.3828043e-08 2.3999874e-08 2.4167068e-08 2.4329495e-08 2.4487033e-08 2.4639572e-08 2.4787010e-08 2.4929254e-08 2.5066224e-08 2.5197851e-08 2.5324076e-08 2.5444855e-08 2.5560153e-08 2.5669951e-08 2.5774240e-08 2.5873028e-08 2.5966334e-08 2.6054191e-08 2.6136646e-08
1.7369552e-08 1.7605922e-08 1.7843052e-08 1.8080793e-08 1.8318995e-08 1.8557500e-08 1.8796149e-08 1.9034775e-08 1.9273211e-08 1.9511282e-08 1.9748812e-08 1.9985622e-08 2.0221528e-08 2.0456344e-08 2.0689883e-08 2.0921952e-08 2.1152362e-08 2.1380917e-08 2.1607423e-08 2.1831685e-08 2.2053509e-08 2.2272700e-08 2.2489063e-08 2.2702408e-08 2.2912544e-08 2.3119284e-08 2.3322444e-08 2.3521843e-08 2.3717305e-08 2.3908660e-08 2.4095742e-08 2.4278392e-08 2.4456459e-08 2.4629798e-08 2.4798274e-08 2.4961758e-08 2.5120133e-08 2.5273291e-08 2.5421135e-08 2.5563579e-08 2.5700548e-08 2.5831981e-08 2.5957828e-08 2.6078051e-08 2.6192629e-08 2.6301550e-08 2.6404820e-08 2.6502457e-08 2.6594493e-08 2.6680974e-08
1.7625457e-08 1.7867605e-08 1.8110616e-08 1.8354339e-08 1.8598620e-08 1.8843298e-08 1.9088209e-08 1.9333184e-08 1.9578050e-08 1.9822628e-08 2.0066737e-08 2.0310192e-08 2.0552804e-08 2.0794382e-08 2.1034731e-08 2.1273656e-08 2.1510956e-08 2.1746432e-08 2.1979883e-08 2.2211106e-08 2.2439899e-08 2.2666061e-08 2.2889389e-08 2.3109686e-08 2.3326751e-08 2.3540392e-08 2.3750415e-08 2.3956632e-08 2.4158860e-08 2.4356919e-08 2.4550638e-08 2.4739849e-08 2.4924393e-08 2.5104118e-08 2.5278882e-08 2.5448549e-08 2.5612997e-08 2.5772110e-08 2.5925786e-08 2.6073932e-08 2.6216471e-08 2.6353334e-08 2.6484469e-08 2.6609834e-08 2.6729404e-08 2.6843166e-08 2.6951122e-08 2.7053290e-08 2.7149700e-08 2.7240398e-08
1.7886314e-08 1.8134376e-08 1.8383411e-08 1.8633265e-08 1.8883779e-08 1.9134791e-08 1.9386131e-08 1.9637626e-08 1.9889099e-08 2.0140367e-08 2.0391243e-08 2.0641536e-08 2.0891054e-08 2.1139598e-08 2.1386967e-08 2.1632959e-08 2.1877368e-08 2.2119988e-08 2.2360609e-08 2.2599023e-08 2.2835019e-08 2.3068388e-08 2.3298921e-08 2.3526411e-08 2.3750652e-08 2.3971439e-08 2.4188574e-08 2.4401860e-08 2.4611104e-08 2.4816120e-08 2.5016727e-08 2.5212751e-08 2.5404024e-08 2.5590386e-08 2.5771689e-08 2.5947789e-08 2.6118555e-08 2.6283868e-08 2.6443618e-08 2.6597708e-08 2.6746053e-08 2.6888580e-08 2.7025233e-08 2.7155967e-08 2.7280751e-08 2.7399572e-08 2.7512429e-08 2.7619337e-08 2.7720327e-08 2.7815444e-08
1.8152261e-08 1.8406378e-08 1.8661583e-08 1.8917719e-08 1.9174625e-08 1.9432133e-08 1.9690072e-08 1.9948264e-08 2.0206526e-08 2.0464671e-08 2.0722507e-08 2.0979839e-08 2.1236466e-08 2.1492185e-08 2.1746790e-08 2.2000069e-08 2.2251813e-08 2.2501805e-08 2.2749830e-08 2.2995672e-08 2.3239113e-08 2.3479936e-08 2.3717922e-08 2.3952857e-08 2.4184526e-08 2.4412717e-08 2.4637223e-08 2.4857837e-08 2.5074359e-08 2.5286593e-08 2.5494352e-08 2.5697451e-08 2.5895715e-08 2.6088977e-08 2.6277078e-08 2.6459870e-08 2.6637214e-08 2.6808983e-08 2.6975061e-08 2.7135345e-08 2.7289744e-08 2.7438180e-08 2.7580593e-08 2.7716932e-08 2.7847165e-08 2.7971274e-08 2.8089257e-08 2.8201126e-08 2.8306911e-08 2.8406658e-08
1.8423449e-08 1.8683761e-08 1.8945283e-08 1.9207856e-08 1.9471314e-08 1.9735487e-08 2.0000199e-08 2.0265267e-08 2.0530505e-08 2.0795720e-08 2.1060715e-08 2.1325289e-08 2.1589236e-08 2.1852347e-08 2.2114408e-08 2.2375202e-08 2.2634511e-08 2.2892113e-08 2.3147785e-08 2.3401301e-08 2.3652437e-08 2.3900966e-08 2.4146663e-08 2.4389304e-08 2.4628665e-08 2.4864527e-08 2.5096671e-08 2.5324883e-08 2.5548955e-08 2.5768681e-08 2.5983864e-08 2.6194312e-08 2.6399841e-08 2.6600276e-08 2.6795449e-08 2.6985204e-08 2.7169396e-08 2.7347888e-08 2.7520559e-08 2.7687299e-08 2.7848012e-08 2.8002614e-08 2.8151039e-08 2.8293233e-08 2.8429160e-08 2.8558798e-08 2.8682142e-08 2.8799204e-08 2.8910012e-08 2.9014610e-08
