Pycode/rasters/asc_loose (copy)/q625.asc
ncols 527
nrows 527
xllcenter 78706.77
yllcenter 236907.08
cellsize 4
nodata_value -9999
[rows 286 to 307 of 527, columns 200 to 249 of 527]
3.6602046e-07 3.7682640e-07 3.8801481e-07 3.9959943e-07 4.1159428e-07 4.2401359e-07 4.3687173e-07 4.5018319e-07 4.6396242e-07 4.7822379e-07 4.9298139e-07 5.0824891e-07 5.2403943e-07 5.4036520e-07 5.5723731e-07 5.7466542e-07 5.9265726e-07 6.1121823e-07 6.3035076e-07 6.5005361e-07 6.7032106e-07 6.9114193e-07 7.1249832e-07 7.3436431e-07 7.5670415e-07 7.7947039e-07 8.0260139e-07 8.2601858e-07 8.4962308e-07 8.7329175e-07 8.9687257e-07 9.2017918e-07 9.4298456e-07 9.6501372e-07 9.8593540e-07 1.0053528e-06 1.0227936e-06 1.0376995e-06 1.0494161e-06 1.0571849e-06 1.0601390e-06 1.0573063e-06 1.0476257e-06 1.0299827e-06 1.0032751e-06 9.6651600e-07 9.1898303e-07 8.6040824e-07 7.9118450e-07 7.1253843e-07
3.4767895e-07 3.5758881e-07 3.6782954e-07 3.7841160e-07 3.8934550e-07 4.0064169e-07 4.1231057e-07 4.2436233e-07 4.3680688e-07 4.4965373e-07 4.6291180e-07 4.7658930e-07 4.9069345e-07 5.0523030e-07 5.2020436e-07 5.3561833e-07 5.5147260e-07 5.6776483e-07 5.8448931e-07 6.0163632e-07 6.1919131e-07 6.3713395e-07 6.5543700e-07 6.7406498e-07 6.9297267e-07 7.1210320e-07 7.3138599e-07 7.5073418e-07 7.7004174e-07 7.8918002e-07 8.0799386e-07 8.2629705e-07 8.4386718e-07 8.6043988e-07 8.7570258e-07 8.8928772e-07 9.0076600e-07 9.0964008e-07 9.1533961e-07 9.1721926e-07 9.1456167e-07 9.0658880e-07 8.9248583e-07 8.7144301e-07 8.4272131e-07 8.0574558e-07 7.6022425e-07 7.0628317e-07 6.4458774e-07 5.7641562e-07
3.2965486e-07 3.3870474e-07 3.4803767e-07 3.5766119e-07 3.6758269e-07 3.7780938e-07 3.8834814e-07 3.9920549e-07 4.1038740e-07 4.2189924e-07 4.3374555e-07 4.4592987e-07 4.5845457e-07 4.7132053e-07 4.8452686e-07 4.9807057e-07 5.1194617e-07 5.2614514e-07 5.4065541e-07 5.5546073e-07 5.7053985e-07 5.8586569e-07 6.0140429e-07 6.1711357e-07 6.3294198e-07 6.4882685e-07 6.6469252e-07 6.8044813e-07 6.9598517e-07 7.1117459e-07 7.2586361e-07 7.3987206e-07 7.5298841e-07 7.6496549e-07 7.7551598e-07 7.8430806e-07 7.9096136e-07 7.9504418e-07 7.9607263e-07 7.9351332e-07 7.8679148e-07 7.7530719e-07 7.5846291e-07 7.3570567e-07 7.0658641e-07 6.7083611e-07 6.2845260e-07 5.7978425e-07 5.2558968e-07 4.6705230e-07
3.1200732e-07 3.2023625e-07 3.2870422e-07 3.3741624e-07 3.4637702e-07 3.5559094e-07 3.6506190e-07 3.7479325e-07 3.8478767e-07 3.9504702e-07 4.0557220e-07 4.1636291e-07 4.2741751e-07 4.3873271e-07 4.5030329e-07 4.6212177e-07 4.7417804e-07 4.8645885e-07 4.9894735e-07 5.1162246e-07 5.2445816e-07 5.3742270e-07 5.5047764e-07 5.6357684e-07 5.7666514e-07 5.8967705e-07 6.0253504e-07 6.1514776e-07 6.2740798e-07 6.3919028e-07 6.5034847e-07 6.6071285e-07 6.7008731e-07 6.7824631e-07 6.8493203e-07 6.8985196e-07 6.9267724e-07 6.9304259e-07 6.9054854e-07 6.8476741e-07 6.7525451e-07 6.6156651e-07 6.4328914e-07 6.2007548e-07 5.9169499e-07 5.5809000e-07 5.1943235e-07 4.7616843e-07 4.2903996e-07 3.7907316e-07
2.9478892e-07 3.0223818e-07 3.0988631e-07 3.1773616e-07 3.2579016e-07 3.3405027e-07 3.4251787e-07 3.5119369e-07 3.6007765e-07 3.6916876e-07 3.7846490e-07 3.8796272e-07 3.9765735e-07 4.0754222e-07 4.1760874e-07 4.2784602e-07 4.3824046e-07 4.4877538e-07 4.5943051e-07 4.7018145e-07 4.8099902e-07 4.9184860e-07 5.0268925e-07 5.1347279e-07 5.2414277e-07 5.3463326e-07 5.4486750e-07 5.5475640e-07 5.6419694e-07 5.7307030e-07 5.8124002e-07 5.8854996e-07 5.9482238e-07 5.9985604e-07 6.0342475e-07 6.0527654e-07 6.0513388e-07 6.0269558e-07 5.9764120e-07 5.8963891e-07 5.7835796e-07 5.6348712e-07 5.4475980e-07 5.2198600e-07 4.9508935e-07 4.6414520e-07 4.2941325e-07 3.9135715e-07 3.5064603e-07 3.0813875e-07
2.7804560e-07 2.8475810e-07 2.9163314e-07 2.9867170e-07 3.0587430e-07 3.1324090e-07 3.2077081e-07 3.2846259e-07 3.3631394e-07 3.4432154e-07 3.5248094e-07 3.6078633e-07 3.6923039e-07 3.7780405e-07 3.8649622e-07 3.9529349e-07 4.0417984e-07 4.1313622e-07 4.2214013e-07 4.3116515e-07 4.4018034e-07 4.4914967e-07 4.5803130e-07 4.6677676e-07 4.7533010e-07 4.8362688e-07 4.9159313e-07 4.9914413e-07 5.0618317e-07 5.1260024e-07 5.1827066e-07 5.2305379e-07 5.2679187e-07 5.2930915e-07 5.3041147e-07 5.2988670e-07 5.2750631e-07 5.2302863e-07 5.1620443e-07 5.0678555e-07 4.9453733e-07 4.7925534e-07 4.6078643e-07 4.3905328e-07 4.1408001e-07 3.8601526e-07 3.5514838e-07 3.2191525e-07 2.8689385e-07 2.5079324e-07
2.6181665e-07 2.6783638e-07 2.7398601e-07 2.8026502e-07 2.8667234e-07 2.9320630e-07 2.9986452e-07 3.0664386e-07 3.1354024e-07 3.2054855e-07 3.2766252e-07 3.3487451e-07 3.4217539e-07 3.4955427e-07 3.5699830e-07 3.6449241e-07 3.7201899e-07 3.7955757e-07 3.8708442e-07 3.9457216e-07 4.0198926e-07 4.0929951e-07 4.1646142e-07 4.2342762e-07 4.3014404e-07 4.3654926e-07 4.4257354e-07 4.4813806e-07 4.5315390e-07 4.5752120e-07 4.6112832e-07 4.6385105e-07 4.6555216e-07 4.6608130e-07 4.6527540e-07 4.6296001e-07 4.5895172e-07 4.5306220e-07 4.4510419e-07 4.3490004e-07 4.2229298e-07 4.0716119e-07 3.8943419e-07 3.6911015e-07 3.4627211e-07 3.2110036e-07 2.9387914e-07 2.6499716e-07 2.3494424e-07 2.0430733e-07
2.4613479e-07 2.5150624e-07 2.5697856e-07 2.6254999e-07 2.6821819e-07 2.7398020e-07 2.7983234e-07 2.8577010e-07 2.9178808e-07 2.9787984e-07 3.0403775e-07 3.1025289e-07 3.1651484e-07 3.2281153e-07 3.2912900e-07 3.3545117e-07 3.4175959e-07 3.4803315e-07 3.5424774e-07 3.6037588e-07 3.6638638e-07 3.7224379e-07 3.7790804e-07 3.8333382e-07 3.8847007e-07 3.9325939e-07 3.9763736e-07 4.0153200e-07 4.0486311e-07 4.0754172e-07 4.0946969e-07 4.1053940e-07 4.1063383e-07 4.0962697e-07 4.0738490e-07 4.0376760e-07 3.9863192e-07 3.9183578e-07 3.8324410e-07 3.7273651e-07 3.6021684e-07 3.4562421e-07 3.2894481e-07 3.1022320e-07 2.8957155e-07 2.6717569e-07 2.4329750e-07 2.1827508e-07 1.9252270e-07 1.6653282e-07
2.3102642e-07 2.3579410e-07 2.4063705e-07 2.4555253e-07 2.5053723e-07 2.5558719e-07 2.6069772e-07 2.6586335e-07 2.7107769e-07 2.7633334e-07 2.8162179e-07 2.8693325e-07 2.9225653e-07 2.9757885e-07 3.0288568e-07 3.0816052e-07 3.1338471e-07 3.1853710e-07 3.2359388e-07 3.2852819e-07 3.3330985e-07 3.3790497e-07 3.4227559e-07 3.4637928e-07 3.5016869e-07 3.5359115e-07 3.5658823e-07 3.5909533e-07 3.6104136e-07 3.6234847e-07 3.6293191e-07 3.6270020e-07 3.6155547e-07 3.5939437e-07 3.5610943e-07 3.5159120e-07 3.4573132e-07 3.3842664e-07 3.2958452e-07 3.1912939e-07 3.0701027e-07 2.9320885e-07 2.7774743e-07 2.6069564e-07 2.4217544e-07 2.2236395e-07 2.0149496e-07 1.7986063e-07 1.5781456e-07 1.3577735e-07
2.1651183e-07 2.2071981e-07 2.2498072e-07 2.2929107e-07 2.3364681e-07 2.3804324e-07 2.4247499e-07 2.4693587e-07 2.5141886e-07 2.5591595e-07 2.6041808e-07 2.6491498e-07 2.6939508e-07 2.7384534e-07 2.7825110e-07 2.8259593e-07 2.8686139e-07 2.9102686e-07 2.9506930e-07 2.9896302e-07 3.0267941e-07 3.0618666e-07 3.0944948e-07 3.1242878e-07 3.1508143e-07 3.1735989e-07 3.1921201e-07 3.2058082e-07 3.2140432e-07 3.2161555e-07 3.2114265e-07 3.1990929e-07 3.1783529e-07 3.1483773e-07 3.1083251e-07 3.0573656e-07 2.9947075e-07 2.9196363e-07 2.8315592e-07 2.7300576e-07 2.6149424e-07 2.4863101e-07 2.3445916e-07 2.1905914e-07 2.0255139e-07 1.8509827e-07 1.6690618e-07 1.4822890e-07 1.2937252e-07 1.1070213e-07
2.0260555e-07 2.0629711e-07 2.1002228e-07 2.1377705e-07 2.1755684e-07 2.2135646e-07 2.2517007e-07 2.2899106e-07 2.3281201e-07 2.3662462e-07 2.4041956e-07 2.4418642e-07 2.4791357e-07 2.5158806e-07 2.5519547e-07 2.5871976e-07 2.6214315e-07 2.6544590e-07 2.6860616e-07 2.7159979e-07 2.7440013e-07 2.7697781e-07 2.7930055e-07 2.8133294e-07 2.8303625e-07 2.8436828e-07 2.8528321e-07 2.8573156e-07 2.8566019e-07 2.8501245e-07 2.8372853e-07 2.8174596e-07 2.7900043e-07 2.7542702e-07 2.7096172e-07 2.6554359e-07 2.5911736e-07 2.5163659e-07 2.4306729e-07 2.3339188e-07 2.2261302e-07 2.1075728e-07 1.9787804e-07 1.8405779e-07 1.6940997e-07 1.5408102e-07 1.3825337e-07 1.2214985e-07 1.0603909e-07 9.0241359e-08
1.8931677e-07 1.9253402e-07 1.9576839e-07 1.9901550e-07 2.0227046e-07 2.0552777e-07 2.0878133e-07 2.1202433e-07 2.1524920e-07 2.1844754e-07 2.2161003e-07 2.2472638e-07 2.2778516e-07 2.3077378e-07 2.3367833e-07 2.3648349e-07 2.3917237e-07 2.4172643e-07 2.4412527e-07 2.4634657e-07 2.4836587e-07 2.5015646e-07 2.5168926e-07 2.5293265e-07 2.5385238e-07 2.5441154e-07 2.5457048e-07 2.5428690e-07 2.5351599e-07 2.5221068e-07 2.5032209e-07 2.4780013e-07 2.4459443e-07 2.4065547e-07 2.3593612e-07 2.3039351e-07 2.2399126e-07 2.1670202e-07 2.0851026e-07 1.9941506e-07 1.8943265e-07 1.7859876e-07 1.6697036e-07 1.5462732e-07 1.4167417e-07 1.2824263e-07 1.1449522e-07 1.0062975e-07 8.6884207e-08 7.3540486e-08
1.7664973e-07 1.7943335e-07 1.8222018e-07 1.8500566e-07 1.8778470e-07 1.9055169e-07 1.9330043e-07 1.9602409e-07 1.9871514e-07 2.0136528e-07 2.0396541e-07 2.0650551e-07 2.0897462e-07 2.1136069e-07 2.1365054e-07 2.1582976e-07 2.1788258e-07 2.1979182e-07 2.2153874e-07 2.2310299e-07 2.2446244e-07 2.2559317e-07 2.2646930e-07 2.2706301e-07 2.2734447e-07 2.2728182e-07 2.2684131e-07 2.2598733e-07 2.2468272e-07 2.2288907e-07 2.2056722e-07 2.1767791e-07 2.1418269e-07 2.1004496e-07 2.0523137e-07 1.9971342e-07 1.9346922e-07 1.8648554e-07 1.7875973e-07 1.7030167e-07 1.6113547e-07 1.5130087e-07 1.4085463e-07 1.2987196e-07 1.1844854e-07 1.0670338e-07 9.4782486e-08 8.2862889e-08 7.1156154e-08 5.9909613e-08
1.6460418e-07 1.6699318e-07 1.6937386e-07 1.7174156e-07 1.7409117e-07 1.7641708e-07 1.7871315e-07 1.8097266e-07 1.8318826e-07 1.8535194e-07 1.8745493e-07 1.8948770e-07 1.9143984e-07 1.9330003e-07 1.9505597e-07 1.9669429e-07 1.9820048e-07 1.9955885e-07 2.0075241e-07 2.0176284e-07 2.0257041e-07 2.0315394e-07 2.0349076e-07 2.0355670e-07 2.0332613e-07 2.0277199e-07 2.0186594e-07 2.0057852e-07 1.9887945e-07 1.9673798e-07 1.9412342e-07 1.9100575e-07 1.8735650e-07 1.8314965e-07 1.7836284e-07 1.7297866e-07 1.6698603e-07 1.6038172e-07 1.5317169e-07 1.4537236e-07 1.3701182e-07 1.2813080e-07 1.1878391e-07 1.0904120e-07 9.8990341e-08 8.8739529e-08 7.8420768e-08 6.8192961e-08 5.8243790e-08 4.8788519e-08
1.5317581e-07 1.5520737e-07 1.5722121e-07 1.5921268e-07 1.6117674e-07 1.6310790e-07 1.6500020e-07 1.6684714e-07 1.6864169e-07 1.7037620e-07 1.7204239e-07 1.7363129e-07 1.7513318e-07 1.7653758e-07 1.7783315e-07 1.7900764e-07 1.8004790e-07 1.8093976e-07 1.8166801e-07 1.8221638e-07 1.8256750e-07 1.8270286e-07 1.8260285e-07 1.8224678e-07 1.8161292e-07 1.8067863e-07 1.7942050e-07 1.7781455e-07 1.7583658e-07 1.7346250e-07 1.7066881e-07 1.6743327e-07 1.6373555e-07 1.5955809e-07 1.5488708e-07 1.4971343e-07 1.4403386e-07 1.3785195e-07 1.3117907e-07 1.2403527e-07 1.1645017e-07 1.0846384e-07 1.0012800e-07 9.1507728e-08 8.2683657e-08 7.3754598e-08 6.4840162e-08 5.6082722e-08 4.7647649e-08 3.9720268e-08
1.4235675e-07 1.4406608e-07 1.4575017e-07 1.4740450e-07 1.4902418e-07 1.5060394e-07 1.5213804e-07 1.5362034e-07 1.5504417e-07 1.5640236e-07 1.5768718e-07 1.5889031e-07 1.6000281e-07 1.6101505e-07 1.6191673e-07 1.6269679e-07 1.6334342e-07 1.6384398e-07 1.6418504e-07 1.6435233e-07 1.6433072e-07 1.6410426e-07 1.6365621e-07 1.6296908e-07 1.6202474e-07 1.6080453e-07 1.5928943e-07 1.5746029e-07 1.5529816e-07 1.5278460e-07 1.4990219e-07 1.4663499e-07 1.4296924e-07 1.3889399e-07 1.3440188e-07 1.2948990e-07 1.2416018e-07 1.1842072e-07 1.1228609e-07 1.0577805e-07 9.8926356e-08 9.1769587e-08 8.4356468e-08 7.6747515e-08 6.9017087e-08 6.1255533e-08 5.3571019e-08 4.6090351e-08 3.8957826e-08 3.2331059e-08
1.3213599e-07 1.3355622e-07 1.3494539e-07 1.3629916e-07 1.3761287e-07 1.3888148e-07 1.4009963e-07 1.4126152e-07 1.4236095e-07 1.4339127e-07 1.4434535e-07 1.4521557e-07 1.4599379e-07 1.4667130e-07 1.4723883e-07 1.4768651e-07 1.4800385e-07 1.4817973e-07 1.4820242e-07 1.4805954e-07 1.4773809e-07 1.4722451e-07 1.4650469e-07 1.4556407e-07 1.4438773e-07 1.4296054e-07 1.4126734e-07 1.3929316e-07 1.3702350e-07 1.3444466e-07 1.3154417e-07 1.2831120e-07 1.2473712e-07 1.2081601e-07 1.1654528e-07 1.1192620e-07 1.0696453e-07 1.0167100e-07 9.6061846e-08 9.0159400e-08 8.3992771e-08 7.7598787e-08 7.1023246e-08 6.4322475e-08 5.7565053e-08 5.0833396e-08 4.4224769e-08 3.7851111e-08 3.1836918e-08 2.6314575e-08
1.2249985e-07 1.2366201e-07 1.2478875e-07 1.2587598e-07 1.2691931e-07 1.2791402e-07 1.2885510e-07 1.2973720e-07 1.3055460e-07 1.3130119e-07 1.3197050e-07 1.3255561e-07 1.3304919e-07 1.3344346e-07 1.3373016e-07 1.3390058e-07 1.3394553e-07 1.3385532e-07 1.3361982e-07 1.3322844e-07 1.3267014e-07 1.3193353e-07 1.3100690e-07 1.2987831e-07 1.2853567e-07 1.2696696e-07 1.2516032e-07 1.2310433e-07 1.2078821e-07 1.1820216e-07 1.1533769e-07 1.1218800e-07 1.0874840e-07 1.0501670e-07 1.0099374e-07 9.6683724e-08 9.2094705e-08 8.7238975e-08 8.2133511e-08 7.6800517e-08 7.1268116e-08 6.5571287e-08 5.9753031e-08 5.3865720e-08 4.7972413e-08 4.2147866e-08 3.6478820e-08 3.1063051e-08 2.6006699e-08 2.1419614e-08
1.1343238e-07 1.1436533e-07 1.1525981e-07 1.1611198e-07 1.1691776e-07 1.1767279e-07 1.1837245e-07 1.1901183e-07 1.1958572e-07 1.2008860e-07 1.2051461e-07 1.2085757e-07 1.2111095e-07 1.2126786e-07 1.2132103e-07 1.2126286e-07 1.2108538e-07 1.2078025e-07 1.2033883e-07 1.1975215e-07 1.1901099e-07 1.1810590e-07 1.1702731e-07 1.1576557e-07 1.1431109e-07 1.1265449e-07 1.1078673e-07 1.0869934e-07 1.0638462e-07 1.0383590e-07 1.0104786e-07 9.8016780e-08 9.4740928e-08 9.1220859e-08 8.7459760e-08 8.3463780e-08 7.9242358e-08 7.4808571e-08 7.0179550e-08 6.5377002e-08 6.0427900e-08 5.5365358e-08 5.0229655e-08 4.5069304e-08 3.9941956e-08 3.4914879e-08 3.0064657e-08 2.5475735e-08 2.1237543e-08 1.7440164e-08
1.0491575e-07 1.0564623e-07 1.0633629e-07 1.0698238e-07 1.0758073e-07 1.0812737e-07 1.0861807e-07 1.0904838e-07 1.0941362e-07 1.0970882e-07 1.0992877e-07 1.1006798e-07 1.1012070e-07 1.1008088e-07 1.0994222e-07 1.0969814e-07 1.0934180e-07 1.0886613e-07 1.0826384e-07 1.0752744e-07 1.0664931e-07 1.0562175e-07 1.0443706e-07 1.0308758e-07 1.0156588e-07 9.9864793e-08 9.7977653e-08 9.5898411e-08 9.3621849e-08 9.1143798e-08 8.8461367e-08 8.5573202e-08 8.2479731e-08 7.9183436e-08 7.5689103e-08 7.2004092e-08 6.8138607e-08 6.4106019e-08 5.9923262e-08 5.5611346e-08 5.1196002e-08 4.6708459e-08 4.2186280e-08 3.7674132e-08 3.3224309e-08 2.8896762e-08 2.4758378e-08 2.0881260e-08 1.7339906e-08 1.4207345e-08
9.6930624e-08 9.7483284e-08 9.7994509e-08 9.8461044e-08 9.8879462e-08 9.9246152e-08 9.9557316e-08 9.9808959e-08 9.9996889e-08 1.0011671e-07 1.0016381e-07 1.0013338e-07 1.0002040e-07 9.9819631e-08 9.9525650e-08 9.9132839e-08 9.8635406e-08 9.8027407e-08 9.7302775e-08 9.6455354e-08 9.5478948e-08 9.4367378e-08 9.3114551e-08 9.1714545e-08 9.0161709e-08 8.8450777e-08 8.6577005e-08 8.4536316e-08 8.2325467e-08 7.9942230e-08 7.7385583e-08 7.4655906e-08 7.1755189e-08 6.8687233e-08 6.5457861e-08 6.2075139e-08 5.8549625e-08 5.4894670e-08 5.1126803e-08 4.7266207e-08 4.3337301e-08 3.9369384e-08 3.5397260e-08 3.1461733e-08 2.7609797e-08 2.3894326e-08 2.0373097e-08 1.7106992e-08 1.4157388e-08 1.1582815e-08
8.9456529e-08 8.9853965e-08 9.0209731e-08 9.0520880e-08 9.0784321e-08 9.0996814e-08 9.1154965e-08 9.1255228e-08 9.1293896e-08 9.1267105e-08 9.1170830e-08 9.1000888e-08 9.0752946e-08 9.0422522e-08 9.0004996e-08 8.9495627e-08 8.8889570e-08 8.8181899e-08 8.7367637e-08 8.6441796e-08 8.5399422e-08 8.4235654e-08 8.2945784e-08 8.1525342e-08 7.9970181e-08 7.8276583e-08 7.6441373e-08 7.4462048e-08 7.2336910e-08 7.0065220e-08 6.7647352e-08 6.5084946e-08 6.2381080e-08 5.9540432e-08 5.6569457e-08 5.3476587e-08 5.0272457e-08 4.6970200e-08 4.3585796e-08 4.0138508e-08 3.6651368e-08 3.3151676e-08 2.9671426e-08 2.6247553e-08 2.2921858e-08 1.9740480e-08 1.6752783e-08 1.4009626e-08 1.1561029e-08 9.4533531e-09
