Pycode/rasters/asc_loose (copy)/q625.asc
ncols 527
nrows 527
xllcenter 78706.77
yllcenter 236907.08
cellsize 4
nodata_value -9999
[rows 352 to 373 of 527, columns 350 to 399 of 527]
7.0559409e-09 7.0519296e-09 7.0458360e-09 7.0377177e-09 7.0276329e-09 7.0156394e-09 7.0017954e-09 6.9861589e-09 6.9687876e-09 6.9497391e-09 6.9290705e-09 6.9068386e-09 6.8830997e-09 6.8579096e-09 6.8313232e-09 6.8033951e-09 6.7741790e-09 6.7437279e-09 6.7120940e-09 6.6793287e-09 6.6454823e-09 6.6106046e-09 6.5747442e-09 6.5379489e-09 6.5002653e-09 6.4617393e-09 6.4224157e-09 6.3823382e-09 6.3415497e-09 6.3000918e-09 6.2580054e-09 6.2153300e-09 6.1721045e-09 6.1283664e-09 6.0841523e-09 6.0394978e-09 5.9944376e-09 5.9490052e-09 5.9032333e-09 5.8571533e-09 5.8107959e-09 5.7641909e-09 5.7173668e-09 5.6703514e-09 5.6231716e-09 5.5758534e-09 5.5284216e-09 5.4809005e-09 5.4333133e-09 5.3856825e-09
6.8265934e-09 6.8254745e-09 6.8223092e-09 6.8171513e-09 6.8100546e-09 6.8010733e-09 6.7902619e-09 6.7776748e-09 6.7633663e-09 6.7473907e-09 6.7298020e-09 6.7106539e-09 6.6899999e-09 6.6678930e-09 6.6443855e-09 6.6195296e-09 6.5933765e-09 6.5659771e-09 6.5373813e-09 6.5076386e-09 6.4767975e-09 6.4449059e-09 6.4120107e-09 6.3781582e-09 6.3433935e-09 6.3077612e-09 6.2713048e-09 6.2340668e-09 6.1960889e-09 6.1574120e-09 6.1180757e-09 6.0781190e-09 6.0375797e-09 5.9964948e-09 5.9549003e-09 5.9128313e-09 5.8703217e-09 5.8274049e-09 5.7841129e-09 5.7404772e-09 5.6965279e-09 5.6522946e-09 5.6078058e-09 5.5630892e-09 5.5181714e-09 5.4730785e-09 5.4278353e-09 5.3824661e-09 5.3369943e-09 5.2914423e-09
6.6037392e-09 6.6053159e-09 6.6048852e-09 6.6024966e-09 6.5982003e-09 6.5920468e-09 6.5840868e-09 6.5743712e-09 6.5629511e-09 6.5498775e-09 6.5352013e-09 6.5189733e-09 6.5012441e-09 6.4820639e-09 6.4614826e-09 6.4395496e-09 6.4163141e-09 6.3918245e-09 6.3661287e-09 6.3392742e-09 6.3113074e-09 6.2822746e-09 6.2522209e-09 6.2211909e-09 6.1892284e-09 6.1563765e-09 6.1226773e-09 6.0881722e-09 6.0529018e-09 6.0169056e-09 5.9802226e-09 5.9428908e-09 5.9049470e-09 5.8664277e-09 5.8273681e-09 5.7878025e-09 5.7477646e-09 5.7072870e-09 5.6664014e-09 5.6251388e-09 5.5835292e-09 5.5416018e-09 5.4993848e-09 5.4569057e-09 5.4141912e-09 5.3712670e-09 5.3281580e-09 5.2848885e-09 5.2414818e-09 5.1979605e-09
6.3872497e-09 6.3913343e-09 6.3934529e-09 6.3936511e-09 6.3919753e-09 6.3884724e-09 6.3831898e-09 6.3761748e-09 6.3674752e-09 6.3571390e-09 6.3452139e-09 6.3317479e-09 6.3167887e-09 6.3003838e-09 6.2825807e-09 6.2634262e-09 6.2429671e-09 6.2212496e-09 6.1983195e-09 6.1742221e-09 6.1490022e-09 6.1227040e-09 6.0953710e-09 6.0670461e-09 6.0377717e-09 6.0075892e-09 5.9765396e-09 5.9446629e-09 5.9119984e-09 5.8785848e-09 5.8444598e-09 5.8096605e-09 5.7742230e-09 5.7381828e-09 5.7015743e-09 5.6644314e-09 5.6267870e-09 5.5886731e-09 5.5501210e-09 5.5111613e-09 5.4718234e-09 5.4321364e-09 5.3921281e-09 5.3518258e-09 5.3112559e-09 5.2704441e-09 5.2294151e-09 5.1881931e-09 5.1468014e-09 5.1052626e-09
6.1769957e-09 6.1834091e-09 6.1878999e-09 6.1905102e-09 6.1912828e-09 6.1902610e-09 6.1874886e-09 6.1830100e-09 6.1768696e-09 6.1691122e-09 6.1597827e-09 6.1489262e-09 6.1365876e-09 6.1228118e-09 6.1076435e-09 6.0911275e-09 6.0733079e-09 6.0542288e-09 6.0339339e-09 6.0124665e-09 5.9898693e-09 5.9661848e-09 5.9414547e-09 5.9157203e-09 5.8890223e-09 5.8614009e-09 5.8328954e-09 5.8035446e-09 5.7733867e-09 5.7424592e-09 5.7107987e-09 5.6784412e-09 5.6454220e-09 5.6117757e-09 5.5775360e-09 5.5427359e-09 5.5074077e-09 5.4715830e-09 5.4352923e-09 5.3985657e-09 5.3614324e-09 5.3239208e-09 5.2860586e-09 5.2478727e-09 5.2093892e-09 5.1706336e-09 5.1316306e-09 5.0924041e-09 5.0529773e-09 5.0133727e-09
5.9728471e-09 5.9814185e-09 5.9881127e-09 5.9929684e-09 5.9960246e-09 5.9973214e-09 5.9968993e-09 5.9947994e-09 5.9910631e-09 5.9857321e-09 5.9788485e-09 5.9704544e-09 5.9605921e-09 5.9493040e-09 5.9366323e-09 5.9226191e-09 5.9073064e-09 5.8907362e-09 5.8729498e-09 5.8539886e-09 5.8338935e-09 5.8127049e-09 5.7904629e-09 5.7672072e-09 5.7429768e-09 5.7178103e-09 5.6917459e-09 5.6648209e-09 5.6370722e-09 5.6085361e-09 5.5792482e-09 5.5492434e-09 5.5185561e-09 5.4872199e-09 5.4552678e-09 5.4227319e-09 5.3896438e-09 5.3560345e-09 5.3219339e-09 5.2873716e-09 5.2523762e-09 5.2169757e-09 5.1811974e-09 5.1450679e-09 5.1086131e-09 5.0718580e-09 5.0348271e-09 4.9975443e-09 4.9600325e-09 4.9223141e-09
5.7746736e-09 5.7852404e-09 5.7939772e-09 5.8009189e-09 5.8061013e-09 5.8095613e-09 5.8113362e-09 5.8114638e-09 5.8099826e-09 5.8069315e-09 5.8023496e-09 5.7962764e-09 5.7887515e-09 5.7798147e-09 5.7695056e-09 5.7578642e-09 5.7449301e-09 5.7307431e-09 5.7153424e-09 5.6987673e-09 5.6810569e-09 5.6622497e-09 5.6423842e-09 5.6214981e-09 5.5996291e-09 5.5768142e-09 5.5530900e-09 5.5284927e-09 5.5030579e-09 5.4768205e-09 5.4498152e-09 5.4220757e-09 5.3936353e-09 5.3645269e-09 5.3347824e-09 5.3044332e-09 5.2735103e-09 5.2420436e-09 5.2100628e-09 5.1775966e-09 5.1446733e-09 5.1113202e-09 5.0775643e-09 5.0434318e-09 5.0089481e-09 4.9741380e-09 4.9390259e-09 4.9036351e-09 4.8679886e-09 4.8321087e-09
5.5823447e-09 5.5947524e-09 5.6053783e-09 5.6142541e-09 5.6214125e-09 5.6268871e-09 5.6307120e-09 5.6329224e-09 5.6335536e-09 5.6326416e-09 5.6302229e-09 5.6263343e-09 5.6210128e-09 5.6142956e-09 5.6062202e-09 5.5968239e-09 5.5861442e-09 5.5742187e-09 5.5610846e-09 5.5467792e-09 5.5313396e-09 5.5148025e-09 5.4972046e-09 5.4785821e-09 5.4589710e-09 5.4384067e-09 5.4169245e-09 5.3945591e-09 5.3713449e-09 5.3473155e-09 5.3225044e-09 5.2969444e-09 5.2706677e-09 5.2437060e-09 5.2160906e-09 5.1878520e-09 5.1590201e-09 5.1296246e-09 5.0996940e-09 5.0692568e-09 5.0383403e-09 5.0069717e-09 4.9751773e-09 4.9429828e-09 4.9104133e-09 4.8774934e-09 4.8442468e-09 4.8106969e-09 4.7768663e-09 4.7427770e-09
5.3957301e-09 5.4098317e-09 5.4222008e-09 5.4328660e-09 5.4418569e-09 5.4492041e-09 5.4549388e-09 5.4590931e-09 5.4616997e-09 5.4627919e-09 5.4624034e-09 5.4605683e-09 5.4573213e-09 5.4526970e-09 5.4467305e-09 5.4394570e-09 5.4309118e-09 5.4211301e-09 5.4101473e-09 5.3979986e-09 5.3847193e-09 5.3703442e-09 5.3549083e-09 5.3384461e-09 5.3209920e-09 5.3025800e-09 5.2832438e-09 5.2630168e-09 5.2419320e-09 5.2200219e-09 5.1973187e-09 5.1738540e-09 5.1496592e-09 5.1247649e-09 5.0992013e-09 5.0729983e-09 5.0461849e-09 5.0187898e-09 4.9908411e-09 4.9623664e-09 4.9333926e-09 4.9039462e-09 4.8740530e-09 4.8437382e-09 4.8130266e-09 4.7819422e-09 4.7505085e-09 4.7187486e-09 4.6866847e-09 4.6543386e-09
5.2146999e-09 5.2303557e-09 5.2443292e-09 5.2566459e-09 5.2673327e-09 5.2764169e-09 5.2839273e-09 5.2898929e-09 5.2943438e-09 5.2973106e-09 5.2988245e-09 5.2989171e-09 5.2976204e-09 5.2949669e-09 5.2909894e-09 5.2857206e-09 5.2791938e-09 5.2714422e-09 5.2624991e-09 5.2523978e-09 5.2411716e-09 5.2288536e-09 5.2154770e-09 5.2010748e-09 5.1856796e-09 5.1693240e-09 5.1520403e-09 5.1338604e-09 5.1148160e-09 5.0949384e-09 5.0742586e-09 5.0528070e-09 5.0306140e-09 5.0077091e-09 4.9841217e-09 4.9598805e-09 4.9350140e-09 4.9095500e-09 4.8835158e-09 4.8569382e-09 4.8298437e-09 4.8022581e-09 4.7742065e-09 4.7457138e-09 4.7168042e-09 4.6875013e-09 4.6578283e-09 4.6278078e-09 4.5974618e-09 4.5668119e-09
5.0391246e-09 5.0562021e-09 5.0716480e-09 5.0854853e-09 5.0977375e-09 5.1084297e-09 5.1175875e-09 5.1252376e-09 5.1314074e-09 5.1361248e-09 5.1394185e-09 5.1413177e-09 5.1418523e-09 5.1410521e-09 5.1389478e-09 5.1355700e-09 5.1309498e-09 5.1251184e-09 5.1181071e-09 5.1099472e-09 5.1006702e-09 5.0903076e-09 5.0788908e-09 5.0664510e-09 5.0530193e-09 5.0386269e-09 5.0233045e-09 5.0070827e-09 4.9899919e-09 4.9720620e-09 4.9533229e-09 4.9338040e-09 4.9135343e-09 4.8925425e-09 4.8708569e-09 4.8485054e-09 4.8255155e-09 4.8019142e-09 4.7777281e-09 4.7529834e-09 4.7277057e-09 4.7019201e-09 4.6756514e-09 4.6489238e-09 4.6217610e-09 4.5941863e-09 4.5662222e-09 4.5378911e-09 4.5092146e-09 4.4802139e-09
4.8688754e-09 4.8872490e-09 4.9040422e-09 4.9192752e-09 4.9329691e-09 4.9451460e-09 4.9558292e-09 4.9650426e-09 4.9728111e-09 4.9791603e-09 4.9841164e-09 4.9877064e-09 4.9899575e-09 4.9908977e-09 4.9905553e-09 4.9889589e-09 4.9861374e-09 4.9821201e-09 4.9769362e-09 4.9706154e-09 4.9631872e-09 4.9546814e-09 4.9451276e-09 4.9345555e-09 4.9229948e-09 4.9104748e-09 4.8970251e-09 4.8826747e-09 4.8674527e-09 4.8513879e-09 4.8345089e-09 4.8168438e-09 4.7984207e-09 4.7792672e-09 4.7594106e-09 4.7388779e-09 4.7176956e-09 4.6958900e-09 4.6734868e-09 4.6505115e-09 4.6269890e-09 4.6029438e-09 4.5784000e-09 4.5533813e-09 4.5279108e-09 4.5020112e-09 4.4757049e-09 4.4490136e-09 4.4219586e-09 4.3945608e-09
4.7038244e-09 4.7233751e-09 4.7413969e-09 4.7579073e-09 4.7729249e-09 4.7864693e-09 4.7985612e-09 4.8092223e-09 4.8184749e-09 4.8263423e-09 4.8328484e-09 4.8380178e-09 4.8418757e-09 4.8444478e-09 4.8457602e-09 4.8458396e-09 4.8447129e-09 4.8424072e-09 4.8389502e-09 4.8343694e-09 4.8286928e-09 4.8219483e-09 4.8141639e-09 4.8053677e-09 4.7955878e-09 4.7848522e-09 4.7731888e-09 4.7606254e-09 4.7471898e-09 4.7329094e-09 4.7178117e-09 4.7019236e-09 4.6852721e-09 4.6678837e-09 4.6497848e-09 4.6310013e-09 4.6115590e-09 4.5914832e-09 4.5707989e-09 4.5495307e-09 4.5277028e-09 4.5053391e-09 4.4824630e-09 4.4590977e-09 4.4352657e-09 4.4109892e-09 4.3862899e-09 4.3611894e-09 4.3357084e-09 4.3098673e-09
4.5438449e-09 4.5644601e-09 4.5835978e-09 4.6012733e-09 4.6175025e-09 4.6323029e-09 4.6456927e-09 4.6576911e-09 4.6683183e-09 4.6775953e-09 4.6855437e-09 4.6921860e-09 4.6975453e-09 4.7016450e-09 4.7045094e-09 4.7061631e-09 4.7066309e-09 4.7059383e-09 4.7041110e-09 4.7011747e-09 4.6971556e-09 4.6920801e-09 4.6859744e-09 4.6788651e-09 4.6707787e-09 4.6617418e-09 4.6517809e-09 4.6409224e-09 4.6291928e-09 4.6166183e-09 4.6032250e-09 4.5890388e-09 4.5740856e-09 4.5583908e-09 4.5419798e-09 4.5248776e-09 4.5071089e-09 4.4886983e-09 4.4696699e-09 4.4500476e-09 4.4298547e-09 4.4091147e-09 4.3878501e-09 4.3660834e-09 4.3438367e-09 4.3211317e-09 4.2979896e-09 4.2744312e-09 4.2504772e-09 4.2261474e-09
4.3888110e-09 4.4103842e-09 4.4305314e-09 4.4492654e-09 4.4666000e-09 4.4825503e-09 4.4971322e-09 4.5103629e-09 4.5222603e-09 4.5328431e-09 4.5421310e-09 4.5501442e-09 4.5569038e-09 4.5624313e-09 4.5667488e-09 4.5698791e-09 4.5718453e-09 4.5726707e-09 4.5723793e-09 4.5709953e-09 4.5685430e-09 4.5650470e-09 4.5605323e-09 4.5550236e-09 4.5485461e-09 4.5411249e-09 4.5327850e-09 4.5235516e-09 4.5134498e-09 4.5025046e-09 4.4907409e-09 4.4781834e-09 4.4648569e-09 4.4507859e-09 4.4359945e-09 4.4205069e-09 4.4043470e-09 4.3875382e-09 4.3701040e-09 4.3520674e-09 4.3334512e-09 4.3142778e-09 4.2945692e-09 4.2743474e-09 4.2536337e-09 4.2324493e-09 4.2108149e-09 4.1887509e-09 4.1662773e-09 4.1434137e-09
4.2385985e-09 4.2610291e-09 4.2820850e-09 4.3017766e-09 4.3201157e-09 4.3371152e-09 4.3527889e-09 4.3671518e-09 4.3802197e-09 4.3920094e-09 4.4025384e-09 4.4118249e-09 4.4198881e-09 4.4267475e-09 4.4324234e-09 4.4369366e-09 4.4403084e-09 4.4425604e-09 4.4437147e-09 4.4437939e-09 4.4428207e-09 4.4408181e-09 4.4378094e-09 4.4338179e-09 4.4288672e-09 4.4229811e-09 4.4161832e-09 4.4084974e-09 4.3999474e-09 4.3905570e-09 4.3803500e-09 4.3693499e-09 4.3575803e-09 4.3450647e-09 4.3318263e-09 4.3178882e-09 4.3032734e-09 4.2880045e-09 4.2721040e-09 4.2555943e-09 4.2384971e-09 4.2208344e-09 4.2026274e-09 4.1838974e-09 4.1646652e-09 4.1449513e-09 4.1247759e-09 4.1041589e-09 4.0831198e-09 4.0616778e-09
4.0930842e-09 4.1162774e-09 4.1381466e-09 4.1587004e-09 4.1779485e-09 4.1959016e-09 4.2125716e-09 4.2279715e-09 4.2421152e-09 4.2550173e-09 4.2666935e-09 4.2771602e-09 4.2864344e-09 4.2945340e-09 4.3014773e-09 4.3072834e-09 4.3119718e-09 4.3155623e-09 4.3180756e-09 4.3195323e-09 4.3199536e-09 4.3193610e-09 4.3177763e-09 4.3152212e-09 4.3117180e-09 4.3072889e-09 4.3019564e-09 4.2957428e-09 4.2886708e-09 4.2807628e-09 4.2720415e-09 4.2625292e-09 4.2522486e-09 4.2412218e-09 4.2294713e-09 4.2170191e-09 4.2038872e-09 4.1900974e-09 4.1756714e-09 4.1606306e-09 4.1449962e-09 4.1287892e-09 4.1120303e-09 4.0947400e-09 4.0769385e-09 4.0586458e-09 4.0398814e-09 4.0206647e-09 4.0010148e-09 3.9809504e-09
3.9521469e-09 3.9760131e-09 3.9986058e-09 4.0199314e-09 4.0399979e-09 4.0588140e-09 4.0763898e-09 4.0927363e-09 4.1078654e-09 4.1217901e-09 4.1345240e-09 4.1460817e-09 4.1564785e-09 4.1657304e-09 4.1738540e-09 4.1808667e-09 4.1867861e-09 4.1916307e-09 4.1954192e-09 4.1981709e-09 4.1999053e-09 4.2006423e-09 4.2004023e-09 4.1992056e-09 4.1970730e-09 4.1940254e-09 4.1900838e-09 4.1852695e-09 4.1796037e-09 4.1731078e-09 4.1658032e-09 4.1577111e-09 4.1488530e-09 4.1392503e-09 4.1289241e-09 4.1178956e-09 4.1061859e-09 4.0938158e-09 4.0808063e-09 4.0671778e-09 4.0529509e-09 4.0381457e-09 4.0227824e-09 4.0068806e-09 3.9904599e-09 3.9735397e-09 3.9561391e-09 3.9382768e-09 3.9199713e-09 3.9012409e-09
3.8156664e-09 3.8401215e-09 3.8633528e-09 3.8853651e-09 3.9061643e-09 3.9257577e-09 3.9441533e-09 3.9613605e-09 3.9773892e-09 3.9922507e-09 4.0059570e-09 4.0185207e-09 4.0299555e-09 4.0402757e-09 4.0494963e-09 4.0576328e-09 4.0647013e-09 4.0707188e-09 4.0757022e-09 4.0796693e-09 4.0826383e-09 4.0846274e-09 4.0856556e-09 4.0857419e-09 4.0849056e-09 4.0831663e-09 4.0805438e-09 4.0770580e-09 4.0727289e-09 4.0675767e-09 4.0616216e-09 4.0548840e-09 4.0473840e-09 4.0391419e-09 4.0301781e-09 4.0205127e-09 4.0101658e-09 3.9991575e-09 3.9875076e-09 3.9752361e-09 3.9623625e-09 3.9489063e-09 3.9348869e-09 3.9203233e-09 3.9052344e-09 3.8896390e-09 3.8735556e-09 3.8570023e-09 3.8399972e-09 3.8225580e-09
3.6835248e-09 3.7084894e-09 3.7322794e-09 3.7548978e-09 3.7763491e-09 3.7966385e-09 3.8157725e-09 3.8337587e-09 3.8506056e-09 3.8663225e-09 3.8809198e-09 3.8944085e-09 3.9068007e-09 3.9181089e-09 3.9283466e-09 3.9375276e-09 3.9456667e-09 3.9527790e-09 3.9588801e-09 3.9639864e-09 3.9681143e-09 3.9712809e-09 3.9735035e-09 3.9748000e-09 3.9751882e-09 3.9746865e-09 3.9733134e-09 3.9710875e-09 3.9680276e-09 3.9641529e-09 3.9594823e-09 3.9540350e-09 3.9478303e-09 3.9408874e-09 3.9332256e-09 3.9248641e-09 3.9158221e-09 3.9061188e-09 3.8957732e-09 3.8848043e-09 3.8732311e-09 3.8610721e-09 3.8483460e-09 3.8350713e-09 3.8212661e-09 3.8069486e-09 3.7921366e-09 3.7768478e-09 3.7610996e-09 3.7449093e-09
3.5556056e-09 3.5810053e-09 3.6052787e-09 3.6284275e-09 3.6504543e-09 3.6713629e-09 3.6911583e-09 3.7098463e-09 3.7274338e-09 3.7439287e-09 3.7593397e-09 3.7736763e-09 3.7869488e-09 3.7991684e-09 3.8103469e-09 3.8204967e-09 3.8296309e-09 3.8377633e-09 3.8449081e-09 3.8510800e-09 3.8562941e-09 3.8605663e-09 3.8639123e-09 3.8663488e-09 3.8678923e-09 3.8685598e-09 3.8683686e-09 3.8673362e-09 3.8654803e-09 3.8628187e-09 3.8593693e-09 3.8551503e-09 3.8501798e-09 3.8444762e-09 3.8380576e-09 3.8309424e-09 3.8231488e-09 3.8146951e-09 3.8055997e-09 3.7958805e-09 3.7855556e-09 3.7746432e-09 3.7631609e-09 3.7511266e-09 3.7385578e-09 3.7254721e-09 3.7118865e-09 3.6978184e-09 3.6832844e-09 3.6683014e-09
3.4317942e-09 3.4575591e-09 3.4822453e-09 3.5058529e-09 3.5283832e-09 3.5498386e-09 3.5702224e-09 3.5895390e-09 3.6077938e-09 3.6249932e-09 3.6411443e-09 3.6562552e-09 3.6703347e-09 3.6833925e-09 3.6954389e-09 3.7064850e-09 3.7165423e-09 3.7256232e-09 3.7337404e-09 3.7409074e-09 3.7471380e-09 3.7524465e-09 3.7568475e-09 3.7603563e-09 3.7629881e-09 3.7647589e-09 3.7656846e-09 3.7657815e-09 3.7650662e-09 3.7635553e-09 3.7612659e-09 3.7582148e-09 3.7544193e-09 3.7498966e-09 3.7446641e-09 3.7387390e-09 3.7321388e-09 3.7248808e-09 3.7169825e-09 3.7084612e-09 3.6993341e-09 3.6896185e-09 3.6793316e-09 3.6684903e-09 3.6571117e-09 3.6452124e-09 3.6328092e-09 3.6199185e-09 3.6065567e-09 3.5927401e-09
