Pycode/rasters/asc_loose (copy)/q625.asc
ncols 527
nrows 527
xllcenter 78706.77
yllcenter 236907.08
cellsize 4
nodata_value -9999
[rows 88 to 109 of 527, columns 400 to 449 of 527]
1.0665420e-08 1.0602856e-08 1.0539729e-08 1.0476065e-08 1.0411886e-08 1.0347216e-08 1.0282078e-08 1.0216494e-08 1.0150487e-08 1.0084079e-08 1.0017290e-08 9.9501427e-09 9.8826577e-09 9.8148555e-09 9.7467565e-09 9.6783805e-09 9.6097472e-09 9.5408760e-09 9.4717857e-09 9.4024952e-09 9.3330227e-09 9.2633864e-09 9.1936041e-09 9.1236933e-09 9.0536711e-09 8.9835545e-09 8.9133601e-09 8.8431043e-09 8.7728031e-09 8.7024724e-09 8.6321277e-09 8.5617842e-09 8.4914569e-09 8.4211606e-09 8.3509096e-09 8.2807182e-09 8.2106003e-09 8.1405695e-09 8.0706392e-09 8.0008226e-09 7.9311325e-09 7.8615815e-09 7.7921819e-09 7.7229458e-09 7.6538850e-09 7.5850111e-09 7.5163354e-09 7.4478688e-09 7.3796221e-09 7.3116058e-09
1.0789334e-08 1.0724752e-08 1.0659617e-08 1.0593954e-08 1.0527787e-08 1.0461140e-08 1.0394035e-08 1.0326497e-08 1.0258547e-08 1.0190208e-08 1.0121502e-08 1.0052451e-08 9.9830754e-09 9.9133971e-09 9.8434364e-09 9.7732136e-09 9.7027487e-09 9.6320613e-09 9.5611706e-09 9.4900958e-09 9.4188555e-09 9.3474680e-09 9.2759514e-09 9.2043234e-09 9.1326016e-09 9.0608030e-09 8.9889445e-09 8.9170427e-09 8.8451138e-09 8.7731739e-09 8.7012385e-09 8.6293233e-09 8.5574431e-09 8.4856131e-09 8.4138476e-09 8.3421611e-09 8.2705674e-09 8.1990805e-09 8.1277137e-09 8.0564803e-09 7.9853931e-09 7.9144649e-09 7.8437080e-09 7.7731345e-09 7.7027562e-09 7.6325847e-09 7.5626312e-09 7.4929069e-09 7.4234223e-09 7.3541880e-09
1.0914174e-08 1.0847527e-08 1.0780337e-08 1.0712630e-08 1.0644429e-08 1.0575759e-08 1.0506645e-08 1.0437109e-08 1.0367174e-08 1.0296865e-08 1.0226201e-08 1.0155207e-08 1.0083904e-08 1.0012312e-08 9.9404539e-09 9.8683490e-09 9.7960180e-09 9.7234809e-09 9.6507573e-09 9.5778665e-09 9.5048275e-09 9.4316588e-09 9.3583789e-09 9.2850057e-09 9.2115568e-09 9.1380497e-09 9.0645015e-09 8.9909289e-09 8.9173483e-09 8.8437759e-09 8.7702276e-09 8.6967190e-09 8.6232653e-09 8.5498815e-09 8.4765823e-09 8.4033821e-09 8.3302951e-09 8.2573351e-09 8.1845155e-09 8.1118498e-09 8.0393508e-09 7.9670312e-09 7.8949035e-09 7.8229797e-09 7.7512717e-09 7.6797910e-09 7.6085490e-09 7.5375566e-09 7.4668244e-09 7.3963629e-09
1.1039926e-08 1.0971164e-08 1.0901871e-08 1.0832072e-08 1.0761792e-08 1.0691055e-08 1.0619887e-08 1.0548310e-08 1.0476349e-08 1.0404027e-08 1.0331367e-08 1.0258391e-08 1.0185121e-08 1.0111579e-08 1.0037786e-08 9.9637632e-09 9.8895316e-09 9.8151112e-09 9.7405220e-09 9.6657834e-09 9.5909148e-09 9.5159350e-09 9.4408626e-09 9.3657159e-09 9.2905128e-09 9.2152708e-09 9.1400072e-09 9.0647390e-09 8.9894829e-09 8.9142550e-09 8.8390716e-09 8.7639482e-09 8.6889004e-09 8.6139431e-09 8.5390912e-09 8.4643592e-09 8.3897613e-09 8.3153114e-09 8.2410232e-09 8.1669098e-09 8.0929844e-09 8.0192596e-09 7.9457479e-09 7.8724614e-09 7.7994118e-09 7.7266109e-09 7.6540696e-09 7.5817991e-09 7.5098100e-09 7.4381126e-09
1.1166570e-08 1.1095645e-08 1.1024201e-08 1.0952262e-08 1.0879856e-08 1.0807007e-08 1.0733740e-08 1.0660079e-08 1.0586049e-08 1.0511674e-08 1.0436975e-08 1.0361977e-08 1.0286702e-08 1.0211172e-08 1.0135408e-08 1.0059432e-08 9.9832654e-09 9.9069280e-09 9.8304402e-09 9.7538220e-09 9.6770928e-09 9.6002719e-09 9.5233780e-09 9.4464297e-09 9.3694449e-09 9.2924417e-09 9.2154373e-09 9.1384490e-09 9.0614935e-09 8.9845874e-09 8.9077467e-09 8.8309874e-09 8.7543250e-09 8.6777747e-09 8.6013513e-09 8.5250696e-09 8.4489436e-09 8.3729875e-09 8.2972148e-09 8.2216389e-09 8.1462728e-09 8.0711293e-09 7.9962207e-09 7.9215593e-09 7.8471567e-09 7.7730245e-09 7.6991739e-09 7.6256157e-09 7.5523606e-09 7.4794188e-09
1.1294089e-08 1.1220950e-08 1.1147305e-08 1.1073179e-08 1.0998600e-08 1.0923592e-08 1.0848182e-08 1.0772394e-08 1.0696252e-08 1.0619780e-08 1.0543003e-08 1.0465943e-08 1.0388624e-08 1.0311068e-08 1.0233296e-08 1.0155331e-08 1.0077194e-08 9.9989059e-09 9.9204867e-09 9.8419570e-09 9.7633363e-09 9.6846443e-09 9.6058998e-09 9.5271217e-09 9.4483282e-09 9.3695374e-09 9.2907668e-09 9.2120339e-09 9.1333556e-09 9.0547484e-09 8.9762288e-09 8.8978126e-09 8.8195155e-09 8.7413528e-09 8.6633395e-09 8.5854902e-09 8.5078193e-09 8.4303407e-09 8.3530682e-09 8.2760151e-09 8.1991945e-09 8.1226190e-09 8.0463011e-09 7.9702529e-09 7.8944861e-09 7.8190122e-09 7.7438423e-09 7.6689872e-09 7.5944575e-09 7.5202633e-09
1.1422462e-08 1.1347059e-08 1.1271163e-08 1.1194802e-08 1.1118002e-08 1.1040789e-08 1.0963190e-08 1.0885229e-08 1.0806932e-08 1.0728322e-08 1.0649425e-08 1.0570264e-08 1.0490862e-08 1.0411241e-08 1.0331425e-08 1.0251435e-08 1.0171292e-08 1.0091019e-08 1.0010636e-08 9.9301624e-09 9.8496193e-09 9.7690261e-09 9.6884021e-09 9.6077662e-09 9.5271368e-09 9.4465323e-09 9.3659704e-09 9.2854686e-09 9.2050440e-09 9.1247133e-09 9.0444930e-09 8.9643992e-09 8.8844475e-09 8.8046534e-09 8.7250319e-09 8.6455977e-09 8.5663652e-09 8.4873484e-09 8.4085610e-09 8.3300164e-09 8.2517277e-09 8.1737074e-09 8.0959681e-09 8.0185216e-09 7.9413799e-09 7.8645541e-09 7.7880554e-09 7.7118946e-09 7.6360820e-09 7.5606276e-09
1.1551668e-08 1.1473949e-08 1.1395752e-08 1.1317106e-08 1.1238037e-08 1.1158573e-08 1.1078739e-08 1.0998561e-08 1.0918065e-08 1.0837275e-08 1.0756216e-08 1.0674913e-08 1.0593388e-08 1.0511665e-08 1.0429767e-08 1.0347716e-08 1.0265533e-08 1.0183241e-08 1.0100860e-08 1.0018411e-08 9.9359151e-09 9.8533908e-09 9.7708583e-09 9.6883367e-09 9.6058445e-09 9.5234003e-09 9.4410220e-09 9.3587272e-09 9.2765331e-09 9.1944567e-09 9.1125144e-09 9.0307224e-09 8.9490965e-09 8.8676522e-09 8.7864046e-09 8.7053684e-09 8.6245581e-09 8.5439875e-09 8.4636706e-09 8.3836205e-09 8.3038504e-09 8.2243729e-09 8.1452003e-09 8.0663446e-09 7.9878174e-09 7.9096301e-09 7.8317936e-09 7.7543185e-09 7.6772152e-09 7.6004935e-09
1.1681685e-08 1.1601598e-08 1.1521050e-08 1.1440069e-08 1.1358683e-08 1.1276919e-08 1.1194804e-08 1.1112364e-08 1.1029625e-08 1.0946612e-08 1.0863350e-08 1.0779864e-08 1.0696177e-08 1.0612313e-08 1.0528296e-08 1.0444147e-08 1.0359889e-08 1.0275544e-08 1.0191133e-08 1.0106677e-08 1.0022196e-08 9.9377112e-09 9.8532414e-09 9.7688061e-09 9.6844244e-09 9.6001147e-09 9.5158951e-09 9.4317833e-09 9.3477969e-09 9.2639526e-09 9.1802672e-09 9.0967569e-09 9.0134376e-09 8.9303247e-09 8.8474333e-09 8.7647784e-09 8.6823742e-09 8.6002348e-09 8.5183739e-09 8.4368048e-09 8.3555406e-09 8.2745937e-09 8.1939765e-09 8.1137008e-09 8.0337783e-09 7.9542201e-09 7.8750370e-09 7.7962397e-09 7.7178382e-09 7.6398424e-09
1.1812490e-08 1.1729983e-08 1.1647031e-08 1.1563666e-08 1.1479913e-08 1.1395802e-08 1.1311359e-08 1.1226611e-08 1.1141584e-08 1.1056305e-08 1.0970798e-08 1.0885088e-08 1.0799200e-08 1.0713157e-08 1.0626983e-08 1.0540701e-08 1.0454332e-08 1.0367900e-08 1.0281426e-08 1.0194931e-08 1.0108435e-08 1.0021959e-08 9.9355234e-09 9.8491469e-09 9.7628489e-09 9.6766481e-09 9.5905626e-09 9.5046103e-09 9.4188087e-09 9.3331750e-09 9.2477256e-09 9.1624771e-09 9.0774452e-09 8.9926456e-09 8.9080933e-09 8.8238032e-09 8.7397896e-09 8.6560666e-09 8.5726478e-09 8.4895465e-09 8.4067757e-09 8.3243478e-09 8.2422750e-09 8.1605691e-09 8.0792417e-09 7.9983037e-09 7.9177659e-09 7.8376387e-09 7.7579320e-09 7.6786556e-09
1.1944058e-08 1.1859077e-08 1.1773671e-08 1.1687869e-08 1.1601701e-08 1.1515194e-08 1.1428376e-08 1.1341275e-08 1.1253916e-08 1.1166327e-08 1.1078533e-08 1.0990559e-08 1.0902429e-08 1.0814168e-08 1.0725800e-08 1.0637348e-08 1.0548834e-08 1.0460280e-08 1.0371710e-08 1.0283144e-08 1.0194602e-08 1.0106106e-08 1.0017676e-08 9.9293308e-09 9.8410901e-09 9.7529727e-09 9.6649969e-09 9.5771807e-09 9.4895417e-09 9.4020969e-09 9.3148632e-09 9.2278568e-09 9.1410938e-09 9.0545897e-09 8.9683596e-09 8.8824183e-09 8.7967801e-09 8.7114591e-09 8.6264689e-09 8.5418227e-09 8.4575332e-09 8.3736130e-09 8.2900741e-09 8.2069283e-09 8.1241868e-09 8.0418605e-09 7.9599602e-09 7.8784960e-09 7.7974776e-09 7.7169147e-09
1.2076364e-08 1.1988855e-08 1.1900941e-08 1.1812652e-08 1.1724018e-08 1.1635067e-08 1.1545827e-08 1.1456326e-08 1.1366591e-08 1.1276649e-08 1.1186525e-08 1.1096245e-08 1.1005834e-08 1.0915316e-08 1.0824716e-08 1.0734058e-08 1.0643363e-08 1.0552655e-08 1.0461955e-08 1.0371286e-08 1.0280669e-08 1.0190123e-08 1.0099670e-08 1.0009329e-08 9.9191194e-09 9.8290603e-09 9.7391701e-09 9.6494668e-09 9.5599682e-09 9.4706913e-09 9.3816530e-09 9.2928696e-09 9.2043572e-09 9.1161312e-09 9.0282068e-09 8.9405987e-09 8.8533212e-09 8.7663883e-09 8.6798135e-09 8.5936100e-09 8.5077904e-09 8.4223671e-09 8.3373521e-09 8.2527569e-09 8.1685927e-09 8.0848702e-09 8.0016000e-09 7.9187920e-09 7.8364560e-09 7.7546011e-09
1.2209380e-08 1.2119289e-08 1.2028814e-08 1.1937987e-08 1.1846837e-08 1.1755392e-08 1.1663683e-08 1.1571736e-08 1.1479579e-08 1.1387239e-08 1.1294743e-08 1.1202116e-08 1.1109384e-08 1.1016571e-08 1.0923702e-08 1.0830801e-08 1.0737890e-08 1.0644993e-08 1.0552132e-08 1.0459329e-08 1.0366604e-08 1.0273980e-08 1.0181476e-08 1.0089112e-08 9.9969074e-09 9.9048818e-09 9.8130534e-09 9.7214403e-09 9.6300603e-09 9.5389306e-09 9.4480679e-09 9.3574887e-09 9.2672090e-09 9.1772441e-09 9.0876093e-09 8.9983193e-09 8.9093882e-09 8.8208299e-09 8.7326579e-09 8.6448851e-09 8.5575243e-09 8.4705876e-09 8.3840868e-09 8.2980334e-09 8.2124383e-09 8.1273122e-09 8.0426652e-09 7.9585073e-09 7.8748479e-09 7.7916961e-09
1.2343078e-08 1.2250350e-08 1.2157262e-08 1.2063844e-08 1.1970126e-08 1.1876139e-08 1.1781912e-08 1.1687472e-08 1.1592848e-08 1.1498067e-08 1.1403156e-08 1.1308141e-08 1.1213047e-08 1.1117901e-08 1.1022725e-08 1.0927545e-08 1.0832383e-08 1.0737264e-08 1.0642209e-08 1.0547240e-08 1.0452378e-08 1.0357646e-08 1.0263063e-08 1.0168649e-08 1.0074425e-08 9.9804079e-09 9.8866178e-09 9.7930725e-09 9.6997897e-09 9.6067867e-09 9.5140804e-09 9.4216869e-09 9.3296224e-09 9.2379022e-09 9.1465414e-09 9.0555546e-09 8.9649560e-09 8.8747593e-09 8.7849779e-09 8.6956246e-09 8.6067119e-09 8.5182520e-09 8.4302563e-09 8.3427363e-09 8.2557026e-09 8.1691658e-09 8.0831358e-09 7.9976222e-09 7.9126344e-09 7.8281810e-09
1.2477429e-08 1.2382009e-08 1.2286252e-08 1.2190191e-08 1.2093856e-08 1.1997277e-08 1.1900483e-08 1.1803504e-08 1.1706367e-08 1.1609101e-08 1.1511732e-08 1.1414287e-08 1.1316792e-08 1.1219273e-08 1.1121753e-08 1.1024258e-08 1.0926811e-08 1.0829435e-08 1.0732153e-08 1.0634988e-08 1.0537960e-08 1.0441091e-08 1.0344401e-08 1.0247911e-08 1.0151641e-08 1.0055609e-08 9.9598338e-09 9.8643342e-09 9.7691277e-09 9.6742315e-09 9.5796624e-09 9.4854367e-09 9.3915704e-09 9.2980787e-09 9.2049768e-09 9.1122790e-09 9.0199995e-09 8.9281519e-09 8.8367493e-09 8.7458046e-09 8.6553300e-09 8.5653375e-09 8.4758384e-09 8.3868439e-09 8.2983645e-09 8.2104104e-09 8.1229915e-09 8.0361171e-09 7.9497962e-09 7.8640374e-09
1.2612402e-08 1.2514233e-08 1.2415754e-08 1.2316997e-08 1.2217993e-08 1.2118771e-08 1.2019363e-08 1.1919797e-08 1.1820102e-08 1.1720307e-08 1.1620438e-08 1.1520522e-08 1.1420585e-08 1.1320654e-08 1.1220753e-08 1.1120907e-08 1.1021139e-08 1.0921474e-08 1.0821933e-08 1.0722540e-08 1.0623316e-08 1.0524282e-08 1.0425458e-08 1.0326866e-08 1.0228525e-08 1.0130454e-08 1.0032671e-08 9.9351957e-09 9.8380449e-09 9.7412359e-09 9.6447856e-09 9.5487102e-09 9.4530255e-09 9.3577468e-09 9.2628891e-09 9.1684666e-09 9.0744933e-09 8.9809827e-09 8.8879479e-09 8.7954014e-09 8.7033553e-09 8.6118213e-09 8.5208108e-09 8.4303344e-09 8.3404027e-09 8.2510255e-09 8.1622123e-09 8.0739724e-09 7.9863145e-09 7.8992467e-09
1.2747964e-08 1.2646991e-08 1.2545735e-08 1.2444229e-08 1.2342503e-08 1.2240590e-08 1.2138518e-08 1.2036319e-08 1.1934020e-08 1.1831651e-08 1.1729238e-08 1.1626810e-08 1.1524392e-08 1.1422011e-08 1.1319691e-08 1.1217458e-08 1.1115336e-08 1.1013347e-08 1.0911516e-08 1.0809864e-08 1.0708414e-08 1.0607187e-08 1.0506203e-08 1.0405482e-08 1.0305046e-08 1.0204912e-08 1.0105100e-08 1.0005627e-08 9.9065119e-09 9.8077711e-09 9.7094215e-09 9.6114793e-09 9.5139602e-09 9.4168794e-09 9.3202517e-09 9.2240912e-09 9.1284119e-09 9.0332269e-09 8.9385491e-09 8.8443910e-09 8.7507643e-09 8.6576807e-09 8.5651512e-09 8.4731862e-09 8.3817960e-09 8.2909902e-09 8.2007781e-09 8.1111686e-09 8.0221700e-09 7.9337904e-09
1.2884083e-08 1.2780249e-08 1.2676161e-08 1.2571851e-08 1.2467353e-08 1.2362697e-08 1.2257913e-08 1.2153033e-08 1.2048084e-08 1.1943097e-08 1.1838098e-08 1.1733116e-08 1.1628177e-08 1.1523307e-08 1.1418532e-08 1.1313876e-08 1.1209365e-08 1.1105020e-08 1.1000867e-08 1.0896926e-08 1.0793221e-08 1.0689773e-08 1.0586601e-08 1.0483728e-08 1.0381172e-08 1.0278953e-08 1.0177089e-08 1.0075598e-08 9.9744986e-09 9.8738074e-09 9.7735410e-09 9.6737156e-09 9.5743466e-09 9.4754491e-09 9.3770378e-09 9.2791267e-09 9.1817294e-09 9.0848591e-09 8.9885283e-09 8.8927493e-09 8.7975337e-09 8.7028927e-09 8.6088372e-09 8.5153774e-09 8.4225232e-09 8.3302840e-09 8.2386688e-09 8.1476860e-09 8.0573439e-09 7.9676501e-09
1.3020723e-08 1.2913971e-08 1.2806995e-08 1.2699829e-08 1.2592506e-08 1.2485056e-08 1.2377512e-08 1.2269903e-08 1.2162259e-08 1.2054609e-08 1.1946982e-08 1.1839405e-08 1.1731905e-08 1.1624508e-08 1.1517240e-08 1.1410127e-08 1.1303191e-08 1.1196459e-08 1.1089951e-08 1.0983692e-08 1.0877704e-08 1.0772006e-08 1.0666622e-08 1.0561570e-08 1.0456871e-08 1.0352543e-08 1.0248606e-08 1.0145077e-08 1.0041975e-08 9.9393152e-09 9.8371150e-09 9.7353902e-09 9.6341564e-09 9.5334283e-09 9.4332203e-09 9.3335465e-09 9.2344201e-09 9.1358541e-09 9.0378608e-09 8.9404522e-09 8.8436398e-09 8.7474344e-09 8.6518466e-09 8.5568863e-09 8.4625632e-09 8.3688863e-09 8.2758643e-09 8.1835054e-09 8.0918173e-09 8.0008074e-09
1.3157848e-08 1.3048121e-08 1.2938202e-08 1.2828125e-08 1.2717924e-08 1.2607631e-08 1.2497277e-08 1.2386892e-08 1.2276507e-08 1.2166151e-08 1.2055852e-08 1.1945639e-08 1.1835538e-08 1.1725576e-08 1.1615779e-08 1.1506172e-08 1.1396780e-08 1.1287626e-08 1.1178734e-08 1.1070127e-08 1.0961826e-08 1.0853853e-08 1.0746230e-08 1.0638975e-08 1.0532109e-08 1.0425652e-08 1.0319621e-08 1.0214034e-08 1.0108910e-08 1.0004264e-08 9.9001138e-09 9.7964744e-09 9.6933613e-09 9.5907891e-09 9.4887721e-09 9.3873240e-09 9.2864579e-09 9.1861864e-09 9.0865218e-09 8.9874756e-09 8.8890590e-09 8.7912827e-09 8.6941568e-09 8.5976911e-09 8.5018947e-09 8.4067765e-09 8.3123447e-09 8.2186071e-09 8.1255713e-09 8.0332441e-09
1.3295421e-08 1.3182660e-08 1.3069742e-08 1.2956701e-08 1.2843571e-08 1.2730383e-08 1.2617169e-08 1.2503961e-08 1.2390789e-08 1.2277682e-08 1.2164670e-08 1.2051779e-08 1.1939038e-08 1.1826473e-08 1.1714111e-08 1.1601976e-08 1.1490093e-08 1.1378487e-08 1.1267179e-08 1.1156195e-08 1.1045554e-08 1.0935279e-08 1.0825391e-08 1.0715910e-08 1.0606855e-08 1.0498246e-08 1.0390100e-08 1.0282437e-08 1.0175273e-08 1.0068624e-08 9.9625076e-09 9.8569388e-09 9.7519326e-09 9.6475036e-09 9.5436658e-09 9.4404325e-09 9.3378167e-09 9.2358307e-09 9.1344864e-09 9.0337952e-09 8.9337678e-09 8.8344147e-09 8.7357456e-09 8.6377700e-09 8.5404967e-09 8.4439340e-09 8.3480900e-09 8.2529721e-09 8.1585873e-09 8.0649421e-09
1.3433402e-08 1.3317551e-08 1.3201578e-08 1.3085518e-08 1.2969405e-08 1.2853271e-08 1.2737150e-08 1.2621071e-08 1.2505066e-08 1.2389165e-08 1.2273396e-08 1.2157788e-08 1.2042367e-08 1.1927162e-08 1.1812198e-08 1.1697500e-08 1.1583094e-08 1.1469003e-08 1.1355250e-08 1.1241859e-08 1.1128851e-08 1.1016249e-08 1.0904071e-08 1.0792340e-08 1.0681074e-08 1.0570292e-08 1.0460013e-08 1.0350254e-08 1.0241032e-08 1.0132364e-08 1.0024267e-08 9.9167540e-09 9.8098417e-09 9.7035437e-09 9.5978738e-09 9.4928451e-09 9.3884702e-09 9.2847613e-09 9.1817298e-09 9.0793867e-09 8.9777426e-09 8.8768074e-09 8.7765907e-09 8.6771014e-09 8.5783480e-09 8.4803385e-09 8.3830805e-09 8.2865810e-09 8.1908467e-09 8.0958836e-09
