Pycode/rasters/asc_loose (copy)/q750.asc
ncols 420
nrows 420
xllcenter 79108.64
yllcenter 236859.17
cellsize 4
nodata_value -9999
[rows 110 to 131 of 420, columns 0 to 49 of 420]
1.9740238e-08 2.7899242e-08 2.9108916e-08 2.9159988e-08 2.9210715e-08 2.9261108e-08 2.9311182e-08 2.9360952e-08 2.9410432e-08 2.9459640e-08 2.9508593e-08 2.9557310e-08 2.9605811e-08 2.9654117e-08 2.9702251e-08 2.9750237e-08 2.9798098e-08 2.9845862e-08 2.9893557e-08 2.9941211e-08 2.9988855e-08 3.0036522e-08 3.0084245e-08 3.0132061e-08 3.0180005e-08 3.0228118e-08 3.0276440e-08 3.0325015e-08 3.0373886e-08 3.0423101e-08 3.0472708e-08 3.0522759e-08 3.0573307e-08 3.0624407e-08 3.0676118e-08 3.0728500e-08 3.0781616e-08 3.0835532e-08 3.0890315e-08 3.0946037e-08 3.1002773e-08 3.1060598e-08 3.1119593e-08 3.1179842e-08 3.1241430e-08 3.1304447e-08 3.1368987e-08 3.1435146e-08 3.1503025e-08 3.1572728e-08
2.0364118e-08 2.8783063e-08 3.0034294e-08 3.0090496e-08 3.0146318e-08 3.0201768e-08 3.0256861e-08 3.0311607e-08 3.0366022e-08 3.0420121e-08 3.0473918e-08 3.0527432e-08 3.0580680e-08 3.0633682e-08 3.0686458e-08 3.0739030e-08 3.0791422e-08 3.0843657e-08 3.0895761e-08 3.0947762e-08 3.0999689e-08 3.1051572e-08 3.1103442e-08 3.1155334e-08 3.1207283e-08 3.1259325e-08 3.1311500e-08 3.1363849e-08 3.1416414e-08 3.1469241e-08 3.1522375e-08 3.1575867e-08 3.1629768e-08 3.1684131e-08 3.1739012e-08 3.1794471e-08 3.1850567e-08 3.1907365e-08 3.1964932e-08 3.2023336e-08 3.2082651e-08 3.2142950e-08 3.2204313e-08 3.2266820e-08 3.2330557e-08 3.2395612e-08 3.2462077e-08 3.2530047e-08 3.2599621e-08 3.2670902e-08
2.1005026e-08 2.9691172e-08 3.0985363e-08 3.1047127e-08 3.1108477e-08 3.1169423e-08 3.1229974e-08 3.1290143e-08 3.1349941e-08 3.1409382e-08 3.1468479e-08 3.1527247e-08 3.1585703e-08 3.1643865e-08 3.1701750e-08 3.1759379e-08 3.1816773e-08 3.1873954e-08 3.1930947e-08 3.1987775e-08 3.2044467e-08 3.2101050e-08 3.2157555e-08 3.2214012e-08 3.2270455e-08 3.2326919e-08 3.2383441e-08 3.2440060e-08 3.2496816e-08 3.2553751e-08 3.2610911e-08 3.2668343e-08 3.2726096e-08 3.2784222e-08 3.2842774e-08 3.2901809e-08 3.2961385e-08 3.3021566e-08 3.3082414e-08 3.3143998e-08 3.3206387e-08 3.3269656e-08 3.3333879e-08 3.3399137e-08 3.3465513e-08 3.3533093e-08 3.3601967e-08 3.3672229e-08 3.3743976e-08 3.3817309e-08
2.1662992e-08 3.0623621e-08 3.1962193e-08 3.2029966e-08 3.2097296e-08 3.2164193e-08 3.2230664e-08 3.2296719e-08 3.2362368e-08 3.2427622e-08 3.2492493e-08 3.2556995e-08 3.2621142e-08 3.2684950e-08 3.2748434e-08 3.2811613e-08 3.2874506e-08 3.2937133e-08 3.2999516e-08 3.3061678e-08 3.3123644e-08 3.3185439e-08 3.3247092e-08 3.3308631e-08 3.3370088e-08 3.3431495e-08 3.3492888e-08 3.3554301e-08 3.3615775e-08 3.3677349e-08 3.3739065e-08 3.3800969e-08 3.3863107e-08 3.3925529e-08 3.3988286e-08 3.4051433e-08 3.4115025e-08 3.4179124e-08 3.4243790e-08 3.4309088e-08 3.4375088e-08 3.4441859e-08 3.4509476e-08 3.4578017e-08 3.4647561e-08 3.4718194e-08 3.4790004e-08 3.4863082e-08 3.4937523e-08 3.5013428e-08
2.2338014e-08 3.1580419e-08 3.2964809e-08 3.3039054e-08 3.3112834e-08 3.3186155e-08 3.3259024e-08 3.3331447e-08 3.3403434e-08 3.3474993e-08 3.3546135e-08 3.3616871e-08 3.3687213e-08 3.3757175e-08 3.3826770e-08 3.3896016e-08 3.3964928e-08 3.4033525e-08 3.4101827e-08 3.4169854e-08 3.4237628e-08 3.4305174e-08 3.4372516e-08 3.4439683e-08 3.4506701e-08 3.4573603e-08 3.4640419e-08 3.4707184e-08 3.4773934e-08 3.4840707e-08 3.4907543e-08 3.4974485e-08 3.5041575e-08 3.5108862e-08 3.5176395e-08 3.5244225e-08 3.5312406e-08 3.5380995e-08 3.5450053e-08 3.5519641e-08 3.5589825e-08 3.5660674e-08 3.5732259e-08 3.5804655e-08 3.5877942e-08 3.5952200e-08 3.6027515e-08 3.6103977e-08 3.6181679e-08 3.6260719e-08
2.3030061e-08 3.2561530e-08 3.3993187e-08 3.4074386e-08 3.4155102e-08 3.4235338e-08 3.4315101e-08 3.4394394e-08 3.4473224e-08 3.4551600e-08 3.4629528e-08 3.4707019e-08 3.4784081e-08 3.4860728e-08 3.4936970e-08 3.5012822e-08 3.5088298e-08 3.5163413e-08 3.5238186e-08 3.5312635e-08 3.5386780e-08 3.5460642e-08 3.5534244e-08 3.5607610e-08 3.5680768e-08 3.5753744e-08 3.5826569e-08 3.5899273e-08 3.5971891e-08 3.6044457e-08 3.6117009e-08 3.6189587e-08 3.6262232e-08 3.6334989e-08 3.6407903e-08 3.6481025e-08 3.6554405e-08 3.6628098e-08 3.6702160e-08 3.6776652e-08 3.6851636e-08 3.6927179e-08 3.7003348e-08 3.7080218e-08 3.7157862e-08 3.7236361e-08 3.7315798e-08 3.7396259e-08 3.7477836e-08 3.7560622e-08
2.3739067e-08 3.3566870e-08 3.5047255e-08 3.5135905e-08 3.5224059e-08 3.5311720e-08 3.5398889e-08 3.5485572e-08 3.5571772e-08 3.5657494e-08 3.5742745e-08 3.5827532e-08 3.5911862e-08 3.5995745e-08 3.6079192e-08 3.6162212e-08 3.6244820e-08 3.6327027e-08 3.6408850e-08 3.6490304e-08 3.6571407e-08 3.6652178e-08 3.6732637e-08 3.6812806e-08 3.6892709e-08 3.6972370e-08 3.7051818e-08 3.7131081e-08 3.7210189e-08 3.7289175e-08 3.7368074e-08 3.7446923e-08 3.7525760e-08 3.7604627e-08 3.7683567e-08 3.7762627e-08 3.7841855e-08 3.7921303e-08 3.8001024e-08 3.8081075e-08 3.8161517e-08 3.8242412e-08 3.8323826e-08 3.8405829e-08 3.8488494e-08 3.8571897e-08 3.8656118e-08 3.8741240e-08 3.8827353e-08 3.8914548e-08
2.4464933e-08 3.4596307e-08 3.6126888e-08 3.6223502e-08 3.6319614e-08 3.6415224e-08 3.6510332e-08 3.6604942e-08 3.6699054e-08 3.6792673e-08 3.6885803e-08 3.6978447e-08 3.7070614e-08 3.7162308e-08 3.7253538e-08 3.7344314e-08 3.7434644e-08 3.7524541e-08 3.7614017e-08 3.7703085e-08 3.7791760e-08 3.7880060e-08 3.7968001e-08 3.8055603e-08 3.8142887e-08 3.8229875e-08 3.8316592e-08 3.8403064e-08 3.8489318e-08 3.8575385e-08 3.8661296e-08 3.8747084e-08 3.8832787e-08 3.8918441e-08 3.9004089e-08 3.9089772e-08 3.9175536e-08 3.9261430e-08 3.9347505e-08 3.9433814e-08 3.9520413e-08 3.9607364e-08 3.9694728e-08 3.9782572e-08 3.9870965e-08 3.9959981e-08 4.0049697e-08 4.0140194e-08 4.0231555e-08 4.0323870e-08
2.5207521e-08 3.5649657e-08 3.7231909e-08 3.7337015e-08 3.7441619e-08 3.7545719e-08 3.7649316e-08 3.7752407e-08 3.7854994e-08 3.7957078e-08 3.8058661e-08 3.8159746e-08 3.8260336e-08 3.8360437e-08 3.8460053e-08 3.8559192e-08 3.8657861e-08 3.8756068e-08 3.8853825e-08 3.8951141e-08 3.9048030e-08 3.9144505e-08 3.9240581e-08 3.9336276e-08 3.9431606e-08 3.9526593e-08 3.9621256e-08 3.9715620e-08 3.9809709e-08 3.9903550e-08 3.9997171e-08 4.0090604e-08 4.0183882e-08 4.0277039e-08 4.0370112e-08 4.0463143e-08 4.0556172e-08 4.0649245e-08 4.0742410e-08 4.0835717e-08 4.0929219e-08 4.1022972e-08 4.1117036e-08 4.1211475e-08 4.1306353e-08 4.1401742e-08 4.1497714e-08 4.1594346e-08 4.1691720e-08 4.1789921e-08
2.5966659e-08 3.6726683e-08 3.8362084e-08 3.8476224e-08 3.8589870e-08 3.8703019e-08 3.8815667e-08 3.8927812e-08 3.9039453e-08 3.9150589e-08 3.9261219e-08 3.9371346e-08 3.9480969e-08 3.9590092e-08 3.9698717e-08 3.9806850e-08 3.9914495e-08 4.0021659e-08 4.0128348e-08 4.0234573e-08 4.0340342e-08 4.0445666e-08 4.0550559e-08 4.0655033e-08 4.0759105e-08 4.0862791e-08 4.0966109e-08 4.1069079e-08 4.1171724e-08 4.1274067e-08 4.1376133e-08 4.1477951e-08 4.1579550e-08 4.1680961e-08 4.1782219e-08 4.1883360e-08 4.1984423e-08 4.2085450e-08 4.2186484e-08 4.2287572e-08 4.2388765e-08 4.2490115e-08 4.2591677e-08 4.2693511e-08 4.2795680e-08 4.2898249e-08 4.3001289e-08 4.3104872e-08 4.3209076e-08 4.3313983e-08
2.6742133e-08 3.7827092e-08 3.9517119e-08 3.9640851e-08 3.9764104e-08 3.9886872e-08 4.0009153e-08 4.0130940e-08 4.0252231e-08 4.0373023e-08 4.0493314e-08 4.0613102e-08 4.0732386e-08 4.0851168e-08 4.0969447e-08 4.1087226e-08 4.1204508e-08 4.1321296e-08 4.1437596e-08 4.1553412e-08 4.1668754e-08 4.1783628e-08 4.1898045e-08 4.2012015e-08 4.2125552e-08 4.2238668e-08 4.2351380e-08 4.2463703e-08 4.2575658e-08 4.2687265e-08 4.2798545e-08 4.2909523e-08 4.3020226e-08 4.3130681e-08 4.3240920e-08 4.3350975e-08 4.3460881e-08 4.3570677e-08 4.3680403e-08 4.3790101e-08 4.3899819e-08 4.4009604e-08 4.4119509e-08 4.4229589e-08 4.4339903e-08 4.4450512e-08 4.4561483e-08 4.4672885e-08 4.4784792e-08 4.4897280e-08
2.7533692e-08 3.8950535e-08 4.0696664e-08 4.0830557e-08 4.0963994e-08 4.1096970e-08 4.1229478e-08 4.1361511e-08 4.1493064e-08 4.1624134e-08 4.1754714e-08 4.1884802e-08 4.2014396e-08 4.2143492e-08 4.2272090e-08 4.2400189e-08 4.2527790e-08 4.2654894e-08 4.2781503e-08 4.2907621e-08 4.3033252e-08 4.3158403e-08 4.3283079e-08 4.3407289e-08 4.3531042e-08 4.3654350e-08 4.3777225e-08 4.3899680e-08 4.4021731e-08 4.4143396e-08 4.4264693e-08 4.4385643e-08 4.4506269e-08 4.4626595e-08 4.4746650e-08 4.4866462e-08 4.4986062e-08 4.5105486e-08 4.5224768e-08 4.5343949e-08 4.5463071e-08 4.5582178e-08 4.5701319e-08 4.5820544e-08 4.5939908e-08 4.6059469e-08 4.6179289e-08 4.6299432e-08 4.6419968e-08 4.6540970e-08
2.8341042e-08 4.0096605e-08 4.1900305e-08 4.2044940e-08 4.2189154e-08 4.2332937e-08 4.2476281e-08 4.2619178e-08 4.2761622e-08 4.2903606e-08 4.3045123e-08 4.3186167e-08 4.3326734e-08 4.3466820e-08 4.3606421e-08 4.3745534e-08 4.3884158e-08 4.4022290e-08 4.4159932e-08 4.4297084e-08 4.4433747e-08 4.4569925e-08 4.4705622e-08 4.4840843e-08 4.4975594e-08 4.5109884e-08 4.5243721e-08 4.5377117e-08 4.5510083e-08 4.5642633e-08 4.5774784e-08 4.5906553e-08 4.6037958e-08 4.6169021e-08 4.6299766e-08 4.6430217e-08 4.6560403e-08 4.6690354e-08 4.6820102e-08 4.6949683e-08 4.7079134e-08 4.7208497e-08 4.7337814e-08 4.7467134e-08 4.7596505e-08 4.7725981e-08 4.7855620e-08 4.7985482e-08 4.8115631e-08 4.8246136e-08
2.9163848e-08 4.1264835e-08 4.3127565e-08 4.3283536e-08 4.3439128e-08 4.3594331e-08 4.3749134e-08 4.3903529e-08 4.4057505e-08 4.4211055e-08 4.4364170e-08 4.4516844e-08 4.4669067e-08 4.4820836e-08 4.4972143e-08 4.5122983e-08 4.5273353e-08 4.5423249e-08 4.5572668e-08 4.5721609e-08 4.5870070e-08 4.6018052e-08 4.6165557e-08 4.6312585e-08 4.6459142e-08 4.6605232e-08 4.6750861e-08 4.6896037e-08 4.7040768e-08 4.7185066e-08 4.7328942e-08 4.7472410e-08 4.7615486e-08 4.7758188e-08 4.7900535e-08 4.8042548e-08 4.8184252e-08 4.8325673e-08 4.8466839e-08 4.8607782e-08 4.8748534e-08 4.8889132e-08 4.9029617e-08 4.9170029e-08 4.9310415e-08 4.9450824e-08 4.9591307e-08 4.9731921e-08 4.9872725e-08 5.0013783e-08
3.0001731e-08 4.2454697e-08 4.4377902e-08 4.4545813e-08 4.4713397e-08 4.4880644e-08 4.5047541e-08 4.5214077e-08 4.5380242e-08 4.5546024e-08 4.5711415e-08 4.5876405e-08 4.6040985e-08 4.6205145e-08 4.6368879e-08 4.6532179e-08 4.6695039e-08 4.6857453e-08 4.7019415e-08 4.7180922e-08 4.7341969e-08 4.7502556e-08 4.7662679e-08 4.7822339e-08 4.7981537e-08 4.8140273e-08 4.8298552e-08 4.8456377e-08 4.8613754e-08 4.8770691e-08 4.8927197e-08 4.9083281e-08 4.9238955e-08 4.9394234e-08 4.9549133e-08 4.9703670e-08 4.9857866e-08 5.0011740e-08 5.0165320e-08 5.0318630e-08 5.0471700e-08 5.0624563e-08 5.0777253e-08 5.0929808e-08 5.1082269e-08 5.1234679e-08 5.1387086e-08 5.1539542e-08 5.1692100e-08 5.1844819e-08
3.0854269e-08 4.3665598e-08 4.5650708e-08 4.5831171e-08 4.6011372e-08 4.6191297e-08 4.6370933e-08 4.6550267e-08 4.6729288e-08 4.6907983e-08 4.7086341e-08 4.7264349e-08 4.7441998e-08 4.7619277e-08 4.7796175e-08 4.7972684e-08 4.8148796e-08 4.8324500e-08 4.8499792e-08 4.8674663e-08 4.8849107e-08 4.9023121e-08 4.9196698e-08 4.9369838e-08 4.9542536e-08 4.9714792e-08 4.9886606e-08 5.0057979e-08 5.0228914e-08 5.0399414e-08 5.0569485e-08 5.0739134e-08 5.0908369e-08 5.1077200e-08 5.1245639e-08 5.1413701e-08 5.1581399e-08 5.1748754e-08 5.1915784e-08 5.2082513e-08 5.2248965e-08 5.2415167e-08 5.2581150e-08 5.2746947e-08 5.2912593e-08 5.3078128e-08 5.3243595e-08 5.3409038e-08 5.3574508e-08 5.3740057e-08
3.1720996e-08 4.4896884e-08 4.6945309e-08 4.7138945e-08 4.7332393e-08 4.7525640e-08 4.7718670e-08 4.7911471e-08 4.8104026e-08 4.8296324e-08 4.8488351e-08 4.8680094e-08 4.8871540e-08 4.9062677e-08 4.9253493e-08 4.9443977e-08 4.9634119e-08 4.9823906e-08 5.0013331e-08 5.0202384e-08 5.0391057e-08 5.0579342e-08 5.0767232e-08 5.0954721e-08 5.1141805e-08 5.1328480e-08 5.1514742e-08 5.1700589e-08 5.1886021e-08 5.2071039e-08 5.2255644e-08 5.2439840e-08 5.2623631e-08 5.2807024e-08 5.2990027e-08 5.3172651e-08 5.3354905e-08 5.3536806e-08 5.3718367e-08 5.3899608e-08 5.4080549e-08 5.4261213e-08 5.4441624e-08 5.4621812e-08 5.4801807e-08 5.4981644e-08 5.5161359e-08 5.5340993e-08 5.5520590e-08 5.5700198e-08
3.2601399e-08 4.6147837e-08 4.8260960e-08 4.8468396e-08 4.8675732e-08 4.8882952e-08 4.9090040e-08 4.9296982e-08 4.9503762e-08 4.9710364e-08 4.9916775e-08 5.0122979e-08 5.0328962e-08 5.0534711e-08 5.0740212e-08 5.0945452e-08 5.1150417e-08 5.1355096e-08 5.1559476e-08 5.1763548e-08 5.1967299e-08 5.2170720e-08 5.2373801e-08 5.2576535e-08 5.2778913e-08 5.2980929e-08 5.3182576e-08 5.3383851e-08 5.3584749e-08 5.3785267e-08 5.3985404e-08 5.4185160e-08 5.4384536e-08 5.4583536e-08 5.4782162e-08 5.4980422e-08 5.5178324e-08 5.5375875e-08 5.5573090e-08 5.5769980e-08 5.5966562e-08 5.6162855e-08 5.6358878e-08 5.6554655e-08 5.6750213e-08 5.6945579e-08 5.7140787e-08 5.7335871e-08 5.7530870e-08 5.7725825e-08
3.3494922e-08 4.7417671e-08 4.9596849e-08 4.9818718e-08 5.0040587e-08 5.0262437e-08 5.0484255e-08 5.0706021e-08 5.0927721e-08 5.1149338e-08 5.1370856e-08 5.1592259e-08 5.1813532e-08 5.2034658e-08 5.2255623e-08 5.2476412e-08 5.2697010e-08 5.2917403e-08 5.3137578e-08 5.3357520e-08 5.3577218e-08 5.3796658e-08 5.4015830e-08 5.4234722e-08 5.4453325e-08 5.4671628e-08 5.4889623e-08 5.5107303e-08 5.5324660e-08 5.5541689e-08 5.5758386e-08 5.5974746e-08 5.6190767e-08 5.6406450e-08 5.6621794e-08 5.6836802e-08 5.7051477e-08 5.7265825e-08 5.7479853e-08 5.7693571e-08 5.7906991e-08 5.8120125e-08 5.8332989e-08 5.8545603e-08 5.8757987e-08 5.8970165e-08 5.9182164e-08 5.9394012e-08 5.9605744e-08 5.9817395e-08
3.4400961e-08 4.8705538e-08 5.0952095e-08 5.1189033e-08 5.1426083e-08 5.1663227e-08 5.1900449e-08 5.2137730e-08 5.2375054e-08 5.2612404e-08 5.2849761e-08 5.3087109e-08 5.3324431e-08 5.3561711e-08 5.3798931e-08 5.4036074e-08 5.4273126e-08 5.4510070e-08 5.4746891e-08 5.4983573e-08 5.5220101e-08 5.5456462e-08 5.5692641e-08 5.5928626e-08 5.6164403e-08 5.6399961e-08 5.6635288e-08 5.6870375e-08 5.7105211e-08 5.7339788e-08 5.7574097e-08 5.7808134e-08 5.8041891e-08 5.8275365e-08 5.8508553e-08 5.8741453e-08 5.8974065e-08 5.9206391e-08 5.9438434e-08 5.9670199e-08 5.9901693e-08 6.0132925e-08 6.0363907e-08 6.0594652e-08 6.0825175e-08 6.1055496e-08 6.1285637e-08 6.1515620e-08 6.1745473e-08 6.1975228e-08
3.5318866e-08 5.0010520e-08 5.2325744e-08 5.2578389e-08 5.2831273e-08 5.3084377e-08 5.3337683e-08 5.3591173e-08 5.3844830e-08 5.4098635e-08 5.4352569e-08 5.4606616e-08 5.4860756e-08 5.5114973e-08 5.5369247e-08 5.5623562e-08 5.5877900e-08 5.6132243e-08 5.6386574e-08 5.6640877e-08 5.6895135e-08 5.7149332e-08 5.7403452e-08 5.7657480e-08 5.7911401e-08 5.8165201e-08 5.8418865e-08 5.8672382e-08 5.8925739e-08 5.9178925e-08 5.9431928e-08 5.9684740e-08 5.9937351e-08 6.0189754e-08 6.0441943e-08 6.0693913e-08 6.0945659e-08 6.1197181e-08 6.1448476e-08 6.1699546e-08 6.1950393e-08 6.2201022e-08 6.2451441e-08 6.2701657e-08 6.2951681e-08 6.3201528e-08 6.3451212e-08 6.3700754e-08 6.3950174e-08 6.4199498e-08
3.6247943e-08 5.1331637e-08 5.3716773e-08 5.3985765e-08 5.4255136e-08 5.4524867e-08 5.4794940e-08 5.5065336e-08 5.5336037e-08 5.5607024e-08 5.5878279e-08 5.6149783e-08 5.6421516e-08 5.6693460e-08 5.6965596e-08 5.7237906e-08 5.7510370e-08 5.7782970e-08 5.8055688e-08 5.8328506e-08 5.8601405e-08 5.8874367e-08 5.9147376e-08 5.9420413e-08 5.9693463e-08 5.9966509e-08 6.0239535e-08 6.0512526e-08 6.0785467e-08 6.1058344e-08 6.1331144e-08 6.1603855e-08 6.1876465e-08 6.2148964e-08 6.2421341e-08 6.2693588e-08 6.2965699e-08 6.3237666e-08 6.3509486e-08 6.3781156e-08 6.4052674e-08 6.4324040e-08 6.4595257e-08 6.4866329e-08 6.5137262e-08 6.5408064e-08 6.5678746e-08 6.5949322e-08 6.6219808e-08 6.6490223e-08
