Pycode/rasters/asc_loose (copy)/q750.asc
ncols 420
nrows 420
xllcenter 79108.64
yllcenter 236859.17
cellsize 4
nodata_value -9999
[rows 198 to 219 of 420, columns 0 to 49 of 420]
6.8845958e-08 9.7999860e-08 1.0335263e-07 1.0475951e-07 1.0619165e-07 1.0764963e-07 1.0913401e-07 1.1064541e-07 1.1218443e-07 1.1375170e-07 1.1534788e-07 1.1697362e-07 1.1862961e-07 1.2031656e-07 1.2203518e-07 1.2378623e-07 1.2557046e-07 1.2738866e-07 1.2924164e-07 1.3113023e-07 1.3305529e-07 1.3501769e-07 1.3701834e-07 1.3905818e-07 1.4113817e-07 1.4325929e-07 1.4542256e-07 1.4762903e-07 1.4987978e-07 1.5217592e-07 1.5451859e-07 1.5690898e-07 1.5934831e-07 1.6183783e-07 1.6437883e-07 1.6697264e-07 1.6962064e-07 1.7232426e-07 1.7508494e-07 1.7790421e-07 1.8078362e-07 1.8372478e-07 1.8672934e-07 1.8979903e-07 1.9293561e-07 1.9614091e-07 1.9941683e-07 2.0276530e-07 2.0618836e-07 2.0968807e-07
6.8327937e-08 9.7263966e-08 1.0257889e-07 1.0397786e-07 1.0540204e-07 1.0685198e-07 1.0832827e-07 1.0983151e-07 1.1136231e-07 1.1292130e-07 1.1450913e-07 1.1612648e-07 1.1777402e-07 1.1945246e-07 1.2116252e-07 1.2290495e-07 1.2468052e-07 1.2649000e-07 1.2833423e-07 1.3021402e-07 1.3213023e-07 1.3408376e-07 1.3607550e-07 1.3810639e-07 1.4017741e-07 1.4228953e-07 1.4444378e-07 1.4664121e-07 1.4888291e-07 1.5117000e-07 1.5350362e-07 1.5588495e-07 1.5831524e-07 1.6079572e-07 1.6332771e-07 1.6591254e-07 1.6855159e-07 1.7124630e-07 1.7399813e-07 1.7680861e-07 1.7967929e-07 1.8261180e-07 1.8560780e-07 1.8866903e-07 1.9179727e-07 1.9499435e-07 1.9826218e-07 2.0160272e-07 2.0501800e-07 2.0851013e-07
6.7784674e-08 9.6491915e-08 1.0176666e-07 1.0315681e-07 1.0457207e-07 1.0601301e-07 1.0748021e-07 1.0897426e-07 1.1049579e-07 1.1204543e-07 1.1362382e-07 1.1523163e-07 1.1686955e-07 1.1853827e-07 1.2023854e-07 1.2197109e-07 1.2373669e-07 1.2553613e-07 1.2737022e-07 1.2923980e-07 1.3114572e-07 1.3308887e-07 1.3507017e-07 1.3709054e-07 1.3915095e-07 1.4125241e-07 1.4339592e-07 1.4558255e-07 1.4781339e-07 1.5008955e-07 1.5241218e-07 1.5478249e-07 1.5720168e-07 1.5967104e-07 1.6219185e-07 1.6476547e-07 1.6739329e-07 1.7007674e-07 1.7281728e-07 1.7561646e-07 1.7847584e-07 1.8139704e-07 1.8438176e-07 1.8743171e-07 1.9054869e-07 1.9373455e-07 1.9699120e-07 2.0032062e-07 2.0372485e-07 2.0720601e-07
6.7217364e-08 9.5685416e-08 1.0091775e-07 1.0229819e-07 1.0370363e-07 1.0513463e-07 1.0659178e-07 1.0807567e-07 1.0958692e-07 1.1112616e-07 1.1269404e-07 1.1429122e-07 1.1591838e-07 1.1757625e-07 1.1926553e-07 1.2098698e-07 1.2274136e-07 1.2452945e-07 1.2635208e-07 1.2821008e-07 1.3010431e-07 1.3203564e-07 1.3400500e-07 1.3601332e-07 1.3806157e-07 1.4015074e-07 1.4228185e-07 1.4445597e-07 1.4667418e-07 1.4893760e-07 1.5124738e-07 1.5360473e-07 1.5601086e-07 1.5846705e-07 1.6097460e-07 1.6353485e-07 1.6614921e-07 1.6881909e-07 1.7154600e-07 1.7433144e-07 1.7717701e-07 1.8008433e-07 1.8305508e-07 1.8609101e-07 1.8919391e-07 1.9236563e-07 1.9560810e-07 1.9892329e-07 2.0231327e-07 2.0578014e-07
6.6627231e-08 9.4846215e-08 1.0003402e-07 1.0140390e-07 1.0279865e-07 1.0421882e-07 1.0566499e-07 1.0713778e-07 1.0863777e-07 1.1016562e-07 1.1172195e-07 1.1330745e-07 1.1492279e-07 1.1656867e-07 1.1824582e-07 1.1995499e-07 1.2169694e-07 1.2347245e-07 1.2528234e-07 1.2712744e-07 1.2900862e-07 1.3092675e-07 1.3288274e-07 1.3487753e-07 1.3691210e-07 1.3898742e-07 1.4110453e-07 1.4326448e-07 1.4546836e-07 1.4771729e-07 1.5001243e-07 1.5235496e-07 1.5474612e-07 1.5718717e-07 1.5967942e-07 1.6222422e-07 1.6482295e-07 1.6747707e-07 1.7018804e-07 1.7295740e-07 1.7578672e-07 1.7867765e-07 1.8163186e-07 1.8465110e-07 1.8773717e-07 1.9089192e-07 1.9411728e-07 1.9741524e-07 2.0078784e-07 2.0423723e-07
6.6015516e-08 9.3976088e-08 9.9117351e-08 1.0047586e-07 1.0185908e-07 1.0326756e-07 1.0470189e-07 1.0616265e-07 1.0765047e-07 1.0916596e-07 1.1070978e-07 1.1228258e-07 1.1388505e-07 1.1551789e-07 1.1718181e-07 1.1887757e-07 1.2060593e-07 1.2236766e-07 1.2416359e-07 1.2599454e-07 1.2786136e-07 1.2976495e-07 1.3170620e-07 1.3368606e-07 1.3570548e-07 1.3776546e-07 1.3986702e-07 1.4201122e-07 1.4419913e-07 1.4643189e-07 1.4871064e-07 1.5103657e-07 1.5341091e-07 1.5583493e-07 1.5830993e-07 1.6083725e-07 1.6341830e-07 1.6605450e-07 1.6874733e-07 1.7149833e-07 1.7430907e-07 1.7718118e-07 1.8011636e-07 1.8311634e-07 1.8618292e-07 1.8931796e-07 1.9252338e-07 1.9580118e-07 1.9915341e-07 2.0258219e-07
6.5383480e-08 9.3076835e-08 9.8169648e-08 9.9516016e-08 1.0088691e-07 1.0228289e-07 1.0370453e-07 1.0515242e-07 1.0662717e-07 1.0812940e-07 1.0965976e-07 1.1121890e-07 1.1280752e-07 1.1442629e-07 1.1607594e-07 1.1775722e-07 1.1947088e-07 1.2121769e-07 1.2299848e-07 1.2481407e-07 1.2666530e-07 1.2855307e-07 1.3047826e-07 1.3244183e-07 1.3444471e-07 1.3648792e-07 1.3857245e-07 1.4069937e-07 1.4286976e-07 1.4508472e-07 1.4734542e-07 1.4965304e-07 1.5200880e-07 1.5441397e-07 1.5686984e-07 1.5937776e-07 1.6193912e-07 1.6455535e-07 1.6722792e-07 1.6995837e-07 1.7274827e-07 1.7559925e-07 1.7851299e-07 1.8149123e-07 1.8453577e-07 1.8764846e-07 1.9083122e-07 1.9408605e-07 1.9741499e-07 2.0082017e-07
6.4732390e-08 9.2150272e-08 9.7192842e-08 9.8526334e-08 9.9884153e-08 1.0126685e-07 1.0267501e-07 1.0410921e-07 1.0557005e-07 1.0705816e-07 1.0857417e-07 1.1011875e-07 1.1169256e-07 1.1329630e-07 1.1493069e-07 1.1659646e-07 1.1829436e-07 1.2002518e-07 1.2178971e-07 1.2358879e-07 1.2542325e-07 1.2729398e-07 1.2920187e-07 1.3114785e-07 1.3313287e-07 1.3515793e-07 1.3722403e-07 1.3933222e-07 1.4148358e-07 1.4367922e-07 1.4592028e-07 1.4820794e-07 1.5054343e-07 1.5292801e-07 1.5536296e-07 1.5784962e-07 1.6038939e-07 1.6298368e-07 1.6563397e-07 1.6834178e-07 1.7110868e-07 1.7393629e-07 1.7682630e-07 1.7978042e-07 1.8280047e-07 1.8588828e-07 1.8904577e-07 1.9227492e-07 1.9557779e-07 1.9895650e-07
6.4063526e-08 9.1198223e-08 9.6188870e-08 9.7508796e-08 9.8852829e-08 1.0022152e-07 1.0161544e-07 1.0303517e-07 1.0448131e-07 1.0595448e-07 1.0745531e-07 1.0898445e-07 1.1054257e-07 1.1213037e-07 1.1374855e-07 1.1539784e-07 1.1707899e-07 1.1879279e-07 1.2054001e-07 1.2232148e-07 1.2413805e-07 1.2599059e-07 1.2787998e-07 1.2980716e-07 1.3177306e-07 1.3377867e-07 1.3582500e-07 1.3791308e-07 1.4004399e-07 1.4221883e-07 1.4443875e-07 1.4670491e-07 1.4901852e-07 1.5138085e-07 1.5379317e-07 1.5625682e-07 1.5877318e-07 1.6134366e-07 1.6396973e-07 1.6665290e-07 1.6939474e-07 1.7219686e-07 1.7506093e-07 1.7798868e-07 1.8098189e-07 1.8404240e-07 1.8717212e-07 1.9037303e-07 1.9364715e-07 1.9699662e-07
6.3378164e-08 9.0222517e-08 9.5159675e-08 9.6465385e-08 9.7794964e-08 9.9148962e-08 1.0052794e-07 1.0193248e-07 1.0336317e-07 1.0482063e-07 1.0630548e-07 1.0781837e-07 1.0935997e-07 1.1093095e-07 1.1253204e-07 1.1416394e-07 1.1582740e-07 1.1752320e-07 1.1925211e-07 1.2101496e-07 1.2281258e-07 1.2464584e-07 1.2651561e-07 1.2842282e-07 1.3036841e-07 1.3235335e-07 1.3437864e-07 1.3644531e-07 1.3855443e-07 1.4070709e-07 1.4290442e-07 1.4514760e-07 1.4743782e-07 1.4977633e-07 1.5216440e-07 1.5460337e-07 1.5709460e-07 1.5963949e-07 1.6223950e-07 1.6489614e-07 1.6761097e-07 1.7038557e-07 1.7322163e-07 1.7612084e-07 1.7908499e-07 1.8211590e-07 1.8521548e-07 1.8838567e-07 1.9162853e-07 1.9494613e-07
6.2677582e-08 8.9224980e-08 9.4107196e-08 9.5398082e-08 9.6712583e-08 9.8051243e-08 9.9414618e-08 1.0080328e-07 1.0221782e-07 1.0365885e-07 1.0512698e-07 1.0662286e-07 1.0814715e-07 1.0970052e-07 1.1128367e-07 1.1289733e-07 1.1454222e-07 1.1621911e-07 1.1792878e-07 1.1967204e-07 1.2144972e-07 1.2326266e-07 1.2511176e-07 1.2699792e-07 1.2892208e-07 1.3088519e-07 1.3288825e-07 1.3493228e-07 1.3701834e-07 1.3914751e-07 1.4132092e-07 1.4353973e-07 1.4580512e-07 1.4811833e-07 1.5048063e-07 1.5289334e-07 1.5535781e-07 1.5787543e-07 1.6044766e-07 1.6307598e-07 1.6576193e-07 1.6850712e-07 1.7131318e-07 1.7418182e-07 1.7711480e-07 1.8011394e-07 1.8318111e-07 1.8631828e-07 1.8952744e-07 1.9281069e-07
6.1963047e-08 8.8207427e-08 9.3033361e-08 9.4308859e-08 9.5607701e-08 9.6930424e-08 9.8277581e-08 9.9649738e-08 1.0104748e-07 1.0247140e-07 1.0392213e-07 1.0540028e-07 1.0690653e-07 1.0844153e-07 1.1000597e-07 1.1160058e-07 1.1322607e-07 1.1488321e-07 1.1657276e-07 1.1829553e-07 1.2005233e-07 1.2184402e-07 1.2367146e-07 1.2553555e-07 1.2743722e-07 1.2937742e-07 1.3135713e-07 1.3337737e-07 1.3543918e-07 1.3754365e-07 1.3969187e-07 1.4188500e-07 1.4412422e-07 1.4641074e-07 1.4874584e-07 1.5113081e-07 1.5356699e-07 1.5605576e-07 1.5859857e-07 1.6119688e-07 1.6385224e-07 1.6656620e-07 1.6934041e-07 1.7217656e-07 1.7507639e-07 1.7804169e-07 1.8107435e-07 1.8417628e-07 1.8734949e-07 1.9059604e-07
6.1235816e-08 8.7171657e-08 9.1940083e-08 9.3199669e-08 9.4482314e-08 9.5788548e-08 9.7118917e-08 9.8473981e-08 9.9854316e-08 1.0126052e-07 1.0269319e-07 1.0415296e-07 1.0564048e-07 1.0715641e-07 1.0870143e-07 1.1027625e-07 1.1188158e-07 1.1351817e-07 1.1518679e-07 1.1688823e-07 1.1862330e-07 1.2039283e-07 1.2219769e-07 1.2403877e-07 1.2591697e-07 1.2783326e-07 1.2978858e-07 1.3178396e-07 1.3382042e-07 1.3589903e-07 1.3802089e-07 1.4018712e-07 1.4239891e-07 1.4465746e-07 1.4696401e-07 1.4931985e-07 1.5172632e-07 1.5418477e-07 1.5669663e-07 1.5926336e-07 1.6188648e-07 1.6456754e-07 1.6730816e-07 1.7011002e-07 1.7297483e-07 1.7590438e-07 1.7890052e-07 1.8196516e-07 1.8510028e-07 1.8830792e-07
6.0497132e-08 8.6119445e-08 9.0829249e-08 9.2072444e-08 9.3338398e-08 9.4627633e-08 9.5940689e-08 9.7278120e-08 9.8640494e-08 1.0002840e-07 1.0144243e-07 1.0288321e-07 1.0435138e-07 1.0584760e-07 1.0737253e-07 1.0892686e-07 1.1051133e-07 1.1212665e-07 1.1377359e-07 1.1545292e-07 1.1716545e-07 1.1891201e-07 1.2069344e-07 1.2251062e-07 1.2436446e-07 1.2625590e-07 1.2818588e-07 1.3015540e-07 1.3216548e-07 1.3421718e-07 1.3631157e-07 1.3844979e-07 1.4063298e-07 1.4286234e-07 1.4513910e-07 1.4746453e-07 1.4983995e-07 1.5226671e-07 1.5474621e-07 1.5727989e-07 1.5986925e-07 1.6251584e-07 1.6522125e-07 1.6798713e-07 1.7081519e-07 1.7370719e-07 1.7666495e-07 1.7969038e-07 1.8278541e-07 1.8595208e-07
5.9748215e-08 8.5052540e-08 8.9702718e-08 9.0929084e-08 9.2177895e-08 9.3449667e-08 9.4744932e-08 9.6064236e-08 9.7408140e-08 9.8777222e-08 1.0017208e-07 1.0159331e-07 1.0304156e-07 1.0451747e-07 1.0602169e-07 1.0755493e-07 1.0911787e-07 1.1071125e-07 1.1233582e-07 1.1399234e-07 1.1568160e-07 1.1740442e-07 1.1916164e-07 1.2095413e-07 1.2278277e-07 1.2464850e-07 1.2655224e-07 1.2849499e-07 1.3047775e-07 1.3250156e-07 1.3456748e-07 1.3667663e-07 1.3883015e-07 1.4102922e-07 1.4327504e-07 1.4556887e-07 1.4791202e-07 1.5030581e-07 1.5275163e-07 1.5525091e-07 1.5780511e-07 1.6041577e-07 1.6308446e-07 1.6581281e-07 1.6860251e-07 1.7145528e-07 1.7437295e-07 1.7735737e-07 1.8041047e-07 1.8353425e-07
5.8990264e-08 8.3972656e-08 8.8562314e-08 8.9771454e-08 9.1002713e-08 9.2256600e-08 9.3533640e-08 9.4834370e-08 9.6159343e-08 9.7509129e-08 9.8884313e-08 1.0028550e-07 1.0171330e-07 1.0316836e-07 1.0465133e-07 1.0616289e-07 1.0770373e-07 1.0927456e-07 1.1087613e-07 1.1250918e-07 1.1417450e-07 1.1587290e-07 1.1760520e-07 1.1937225e-07 1.2117494e-07 1.2301417e-07 1.2489087e-07 1.2680601e-07 1.2876058e-07 1.3075560e-07 1.3279213e-07 1.3487127e-07 1.3699412e-07 1.3916187e-07 1.4137569e-07 1.4363684e-07 1.4594658e-07 1.4830624e-07 1.5071717e-07 1.5318079e-07 1.5569855e-07 1.5827194e-07 1.6090253e-07 1.6359191e-07 1.6634176e-07 1.6915377e-07 1.7202975e-07 1.7497151e-07 1.7798096e-07 1.8106007e-07
5.8224448e-08 8.2881470e-08 8.7409818e-08 8.8601376e-08 8.9814716e-08 9.1050340e-08 9.2308764e-08 9.3590517e-08 9.4896145e-08 9.6226207e-08 9.7581280e-08 9.8961956e-08 1.0036885e-07 1.0180258e-07 1.0326379e-07 1.0475315e-07 1.0627135e-07 1.0781909e-07 1.0939708e-07 1.1100609e-07 1.1264687e-07 1.1432022e-07 1.1602694e-07 1.1776790e-07 1.1954394e-07 1.2135596e-07 1.2320488e-07 1.2509164e-07 1.2701724e-07 1.2898266e-07 1.3098896e-07 1.3303721e-07 1.3512851e-07 1.3726400e-07 1.3944487e-07 1.4167233e-07 1.4394764e-07 1.4627210e-07 1.4864704e-07 1.5107386e-07 1.5355398e-07 1.5608888e-07 1.5868010e-07 1.6132920e-07 1.6403783e-07 1.6680768e-07 1.6964049e-07 1.7253808e-07 1.7550231e-07 1.7853513e-07
5.7451908e-08 8.1780611e-08 8.6246965e-08 8.7420625e-08 8.8615720e-08 8.9832745e-08 9.1072206e-08 9.2334625e-08 9.3620537e-08 9.4930494e-08 9.6265062e-08 9.7624824e-08 9.9010380e-08 1.0042235e-07 1.0186136e-07 1.0332807e-07 1.0482315e-07 1.0634729e-07 1.0790121e-07 1.0948564e-07 1.1110133e-07 1.1274907e-07 1.1442965e-07 1.1614390e-07 1.1789267e-07 1.1967684e-07 1.2149732e-07 1.2335503e-07 1.2525094e-07 1.2718603e-07 1.2916134e-07 1.3117791e-07 1.3323684e-07 1.3533925e-07 1.3748629e-07 1.3967916e-07 1.4191911e-07 1.4420740e-07 1.4654535e-07 1.4893433e-07 1.5137574e-07 1.5387104e-07 1.5642173e-07 1.5902936e-07 1.6169554e-07 1.6442193e-07 1.6721025e-07 1.7006228e-07 1.7297986e-07 1.7596489e-07
5.6673749e-08 8.0671666e-08 8.5075440e-08 8.6230924e-08 8.7407489e-08 8.8605619e-08 8.9825812e-08 9.1068582e-08 9.2334453e-08 9.3623969e-08 9.4937685e-08 9.6276174e-08 9.7640026e-08 9.9029846e-08 1.0044626e-07 1.0188991e-07 1.0336145e-07 1.0486156e-07 1.0639095e-07 1.0795034e-07 1.0954046e-07 1.1116209e-07 1.1281600e-07 1.1450302e-07 1.1622397e-07 1.1797972e-07 1.1977116e-07 1.2159921e-07 1.2346480e-07 1.2536891e-07 1.2731254e-07 1.2929674e-07 1.3132257e-07 1.3339113e-07 1.3550356e-07 1.3766104e-07 1.3986479e-07 1.4211604e-07 1.4441611e-07 1.4676632e-07 1.4916805e-07 1.5162274e-07 1.5413186e-07 1.5669694e-07 1.5931955e-07 1.6200132e-07 1.6474394e-07 1.6754916e-07 1.7041879e-07 1.7335468e-07
5.5891042e-08 7.9556163e-08 8.3896872e-08 8.5033941e-08 8.6191728e-08 8.7370707e-08 8.8571369e-08 8.9794215e-08 9.1039764e-08 9.2308546e-08 9.3601108e-08 9.4918013e-08 9.6259838e-08 9.7627179e-08 9.9020647e-08 1.0044087e-07 1.0188851e-07 1.0336421e-07 1.0486868e-07 1.0640261e-07 1.0796674e-07 1.0956182e-07 1.1118862e-07 1.1284793e-07 1.1454058e-07 1.1626741e-07 1.1802929e-07 1.1982712e-07 1.2166184e-07 1.2353438e-07 1.2544575e-07 1.2739695e-07 1.2938903e-07 1.3142308e-07 1.3350021e-07 1.3562158e-07 1.3778838e-07 1.4000182e-07 1.4226320e-07 1.4457381e-07 1.4693500e-07 1.4934819e-07 1.5181482e-07 1.5433637e-07 1.5691441e-07 1.5955052e-07 1.6224637e-07 1.6500365e-07 1.6782416e-07 1.7070970e-07
5.5104817e-08 7.8435580e-08 8.2712830e-08 8.3831282e-08 8.4970080e-08 8.6129691e-08 8.7310596e-08 8.8513287e-08 8.9738272e-08 9.0986071e-08 9.2257222e-08 9.3552275e-08 9.4871797e-08 9.6216372e-08 9.7586601e-08 9.8983100e-08 1.0040651e-07 1.0185747e-07 1.0333667e-07 1.0484480e-07 1.0638257e-07 1.0795072e-07 1.0955001e-07 1.1118121e-07 1.1284513e-07 1.1454260e-07 1.1627447e-07 1.1804163e-07 1.1984498e-07 1.2168545e-07 1.2356402e-07 1.2548168e-07 1.2743946e-07 1.2943841e-07 1.3147963e-07 1.3356426e-07 1.3569345e-07 1.3786841e-07 1.4009038e-07 1.4236066e-07 1.4468055e-07 1.4705145e-07 1.4947475e-07 1.5195193e-07 1.5448451e-07 1.5707404e-07 1.5972215e-07 1.6243050e-07 1.6520085e-07 1.6803497e-07
5.4316064e-08 7.7311332e-08 8.1524823e-08 8.2624488e-08 8.3744124e-08 8.4884187e-08 8.6045148e-08 8.7227490e-08 8.8431710e-08 8.9658319e-08 9.0907842e-08 9.2180819e-08 9.3477806e-08 9.4799375e-08 9.6146114e-08 9.7518628e-08 9.8917538e-08 1.0034349e-07 1.0179714e-07 1.0327916e-07 1.0479026e-07 1.0633116e-07 1.0790260e-07 1.0950534e-07 1.1114018e-07 1.1280791e-07 1.1450938e-07 1.1624546e-07 1.1801702e-07 1.1982500e-07 1.2167032e-07 1.2355397e-07 1.2547695e-07 1.2744029e-07 1.2944508e-07 1.3149242e-07 1.3358343e-07 1.3571932e-07 1.3790128e-07 1.4013058e-07 1.4240851e-07 1.4473642e-07 1.4711569e-07 1.4954775e-07 1.5203408e-07 1.5457622e-07 1.5717574e-07 1.5983429e-07 1.6255356e-07 1.6533531e-07
