Pycode/rasters/asc_loose (copy)/q750.asc
ncols 420
nrows 420
xllcenter 79108.64
yllcenter 236859.17
cellsize 4
nodata_value -9999
[rows 110 to 131 of 420, columns 350 to 399 of 420]
5.7909416e-08 5.6822742e-08 5.5754673e-08 5.4705037e-08 5.3673656e-08 5.2660346e-08 5.1664916e-08 5.0687171e-08 4.9726911e-08 4.8783932e-08 4.7858023e-08 4.6948975e-08 4.6056570e-08 4.5180593e-08 4.4320822e-08 4.3477035e-08 4.2649009e-08 4.1836519e-08 4.1039337e-08 4.0257238e-08 3.9489994e-08 3.8737378e-08 3.7999161e-08 3.7275117e-08 3.6565019e-08 3.5868641e-08 3.5185757e-08 3.4516144e-08 3.3859578e-08 3.3215838e-08 3.2584704e-08 3.1965957e-08 3.1359381e-08 3.0764762e-08 3.0181887e-08 2.9610544e-08 2.9050526e-08 2.8501627e-08 2.7963643e-08 2.7436371e-08 2.6919615e-08 2.6413176e-08 2.5916861e-08 2.5430479e-08 2.4953842e-08 2.4486762e-08 2.4029057e-08 2.3580547e-08 2.3141052e-08 2.2710398e-08
5.7987869e-08 5.6888285e-08 5.5807917e-08 5.4746573e-08 5.3704055e-08 5.2680156e-08 5.1674669e-08 5.0687378e-08 4.9718064e-08 4.8766506e-08 4.7832475e-08 4.6915745e-08 4.6016081e-08 4.5133252e-08 4.4267019e-08 4.3417147e-08 4.2583397e-08 4.1765528e-08 4.0963301e-08 4.0176475e-08 3.9404811e-08 3.8648067e-08 3.7906003e-08 3.7178382e-08 3.6464963e-08 3.5765512e-08 3.5079790e-08 3.4407564e-08 3.3748602e-08 3.3102671e-08 3.2469543e-08 3.1848990e-08 3.1240787e-08 3.0644712e-08 3.0060542e-08 2.9488062e-08 2.8927053e-08 2.8377304e-08 2.7838603e-08 2.7310743e-08 2.6793518e-08 2.6286726e-08 2.5790167e-08 2.5303644e-08 2.4826963e-08 2.4359934e-08 2.3902366e-08 2.3454076e-08 2.3014880e-08 2.2584599e-08
5.8053100e-08 5.6940887e-08 5.5848503e-08 5.4775735e-08 5.3722362e-08 5.2688160e-08 5.1672899e-08 5.0676345e-08 4.9698260e-08 4.8738403e-08 4.7796530e-08 4.6872394e-08 4.5965745e-08 4.5076334e-08 4.4203909e-08 4.3348216e-08 4.2509003e-08 4.1686014e-08 4.0878995e-08 4.0087693e-08 3.9311853e-08 3.8551223e-08 3.7805551e-08 3.7074585e-08 3.6358076e-08 3.5655775e-08 3.4967435e-08 3.4292813e-08 3.3631665e-08 3.2983750e-08 3.2348829e-08 3.1726667e-08 3.1117030e-08 3.0519687e-08 2.9934408e-08 2.9360968e-08 2.8799144e-08 2.8248716e-08 2.7709465e-08 2.7181178e-08 2.6663644e-08 2.6156652e-08 2.5659998e-08 2.5173480e-08 2.4696898e-08 2.4230056e-08 2.3772760e-08 2.3324821e-08 2.2886050e-08 2.2456265e-08
5.8104987e-08 5.6980441e-08 5.5876338e-08 5.4792442e-08 5.3728513e-08 5.2684305e-08 5.1659566e-08 5.0654044e-08 4.9667481e-08 4.8699616e-08 4.7750187e-08 4.6818931e-08 4.5905580e-08 4.5009867e-08 4.4131524e-08 4.3270282e-08 4.2425873e-08 4.1598028e-08 4.0786477e-08 3.9990953e-08 3.9211190e-08 3.8446921e-08 3.7697881e-08 3.6963807e-08 3.6244439e-08 3.5539517e-08 3.4848783e-08 3.4171982e-08 3.3508861e-08 3.2859170e-08 3.2222662e-08 3.1599090e-08 3.0988213e-08 3.0389791e-08 2.9803588e-08 2.9229370e-08 2.8666906e-08 2.8115970e-08 2.7576337e-08 2.7047785e-08 2.6530099e-08 2.6023062e-08 2.5526463e-08 2.5040095e-08 2.4563753e-08 2.4097236e-08 2.3640345e-08 2.3192886e-08 2.2754667e-08 2.2325500e-08
5.8143425e-08 5.7006855e-08 5.5891343e-08 5.4796632e-08 5.3722457e-08 5.2668551e-08 5.1634642e-08 5.0620457e-08 4.9625718e-08 4.8650147e-08 4.7693460e-08 4.6755377e-08 4.5835614e-08 4.4933885e-08 4.4049908e-08 4.3183396e-08 4.2334065e-08 4.1501633e-08 4.0685815e-08 3.9886330e-08 3.9102898e-08 3.8335240e-08 3.7583078e-08 3.6846138e-08 3.6124147e-08 3.5416834e-08 3.4723930e-08 3.4045171e-08 3.3380294e-08 3.2729038e-08 3.2091146e-08 3.1466365e-08 3.0854444e-08 3.0255134e-08 2.9668192e-08 2.9093377e-08 2.8530450e-08 2.7979178e-08 2.7439329e-08 2.6910676e-08 2.6392995e-08 2.5886067e-08 2.5389673e-08 2.4903600e-08 2.4427639e-08 2.3961584e-08 2.3505231e-08 2.3058381e-08 2.2620838e-08 2.2192410e-08
5.8168319e-08 5.7020051e-08 5.5893457e-08 5.4788254e-08 5.3704155e-08 5.2640873e-08 5.1598113e-08 5.0575581e-08 4.9572980e-08 4.8590011e-08 4.7626373e-08 4.6681766e-08 4.5755889e-08 4.4848439e-08 4.3959115e-08 4.3087617e-08 4.2233646e-08 4.1396901e-08 4.0577086e-08 3.9773905e-08 3.8987064e-08 3.8216271e-08 3.7461237e-08 3.6721674e-08 3.5997298e-08 3.5287827e-08 3.4592982e-08 3.3912488e-08 3.3246071e-08 3.2593462e-08 3.1954394e-08 3.1328605e-08 3.0715836e-08 3.0115831e-08 2.9528337e-08 2.8953105e-08 2.8389892e-08 2.7838455e-08 2.7298558e-08 2.6769966e-08 2.6252450e-08 2.5745782e-08 2.5249742e-08 2.4764109e-08 2.4288670e-08 2.3823212e-08 2.3367528e-08 2.2921416e-08 2.2484673e-08 2.2057104e-08
5.8179593e-08 5.7019968e-08 5.5882629e-08 5.4767272e-08 5.3673586e-08 5.2601259e-08 5.1549978e-08 5.0519426e-08 4.9509286e-08 4.8519238e-08 4.7548963e-08 4.6598143e-08 4.5666456e-08 4.4753586e-08 4.3859212e-08 4.2983020e-08 4.2124692e-08 4.1283915e-08 4.0460377e-08 3.9653769e-08 3.8863783e-08 3.8090113e-08 3.7332459e-08 3.6590520e-08 3.5864001e-08 3.5152608e-08 3.4456052e-08 3.3774046e-08 3.3106308e-08 3.2452559e-08 3.1812524e-08 3.1185930e-08 3.0572511e-08 2.9972001e-08 2.9384142e-08 2.8808677e-08 2.8245354e-08 2.7693924e-08 2.7154145e-08 2.6625776e-08 2.6108581e-08 2.5602328e-08 2.5106789e-08 2.4621740e-08 2.4146961e-08 2.3682237e-08 2.3227354e-08 2.2782105e-08 2.2346285e-08 2.1919695e-08
5.8177185e-08 5.7006557e-08 5.5858827e-08 5.4733665e-08 5.3630738e-08 5.2549712e-08 5.1490250e-08 5.0452015e-08 4.9434667e-08 4.8437868e-08 4.7461280e-08 4.6504563e-08 4.5567381e-08 4.4649397e-08 4.3750276e-08 4.2869684e-08 4.2007291e-08 4.1162767e-08 4.0335786e-08 3.9526024e-08 3.8733159e-08 3.7956875e-08 3.7196855e-08 3.6452790e-08 3.5724371e-08 3.5011293e-08 3.4313258e-08 3.3629967e-08 3.2961129e-08 3.2306455e-08 3.1665660e-08 3.1038465e-08 3.0424593e-08 2.9823771e-08 2.9235734e-08 2.8660216e-08 2.8096960e-08 2.7545710e-08 2.7006216e-08 2.6478231e-08 2.5961514e-08 2.5455827e-08 2.4960937e-08 2.4476614e-08 2.4002635e-08 2.3538777e-08 2.3084824e-08 2.2640565e-08 2.2205790e-08 2.1780295e-08
5.8161049e-08 5.6979787e-08 5.5822031e-08 5.4687428e-08 5.3575620e-08 5.2486249e-08 5.1418957e-08 5.0373384e-08 4.9349170e-08 4.8345957e-08 4.7363385e-08 4.6401098e-08 4.5458740e-08 4.4535956e-08 4.3632394e-08 4.2747706e-08 4.1881543e-08 4.1033561e-08 4.0203419e-08 3.9390780e-08 3.8595307e-08 3.7816672e-08 3.7054546e-08 3.6308605e-08 3.5578532e-08 3.4864009e-08 3.4164727e-08 3.3480379e-08 3.2810661e-08 3.2155277e-08 3.1513933e-08 3.0886340e-08 3.0272213e-08 2.9671273e-08 2.9083244e-08 2.8507855e-08 2.7944842e-08 2.7393942e-08 2.6854898e-08 2.6327458e-08 2.5811375e-08 2.5306406e-08 2.4812311e-08 2.4328856e-08 2.3855813e-08 2.3392954e-08 2.2940061e-08 2.2496915e-08 2.2063304e-08 2.1639021e-08
5.8131157e-08 5.6939643e-08 5.5772240e-08 5.4628570e-08 5.3508251e-08 5.2410901e-08 5.1336140e-08 5.0283585e-08 4.9252855e-08 4.8243571e-08 4.7255354e-08 4.6287829e-08 4.5340620e-08 4.4413356e-08 4.3505667e-08 4.2617188e-08 4.1747555e-08 4.0896408e-08 4.0063393e-08 3.9248156e-08 3.8450350e-08 3.7669630e-08 3.6905657e-08 3.6158096e-08 3.5426615e-08 3.4710888e-08 3.4010594e-08 3.3325416e-08 3.2655042e-08 3.1999163e-08 3.1357479e-08 3.0729692e-08 3.0115508e-08 2.9514641e-08 2.8926807e-08 2.8351729e-08 2.7789134e-08 2.7238754e-08 2.6700325e-08 2.6173591e-08 2.5658296e-08 2.5154194e-08 2.4661039e-08 2.4178593e-08 2.3706621e-08 2.3244894e-08 2.2793185e-08 2.2351275e-08 2.1918948e-08 2.1495990e-08
5.8087496e-08 5.6886125e-08 5.5709467e-08 5.4557116e-08 5.3428668e-08 5.2323716e-08 5.1241855e-08 5.0182682e-08 4.9145794e-08 4.8130792e-08 4.7137275e-08 4.6164850e-08 4.5213122e-08 4.4281703e-08 4.3370205e-08 4.2478246e-08 4.1605447e-08 4.0751433e-08 3.9915834e-08 3.9098283e-08 3.8298418e-08 3.7515883e-08 3.6750326e-08 3.6001399e-08 3.5268759e-08 3.4552070e-08 3.3851000e-08 3.3165221e-08 3.2494411e-08 3.1838255e-08 3.1196441e-08 3.0568663e-08 2.9954620e-08 2.9354017e-08 2.8766565e-08 2.8191977e-08 2.7629975e-08 2.7080284e-08 2.6542635e-08 2.6016764e-08 2.5502411e-08 2.4999324e-08 2.4507253e-08 2.4025954e-08 2.3555188e-08 2.3094721e-08 2.2644323e-08 2.2203770e-08 2.1772842e-08 2.1351322e-08
5.8030071e-08 5.6819252e-08 5.5633741e-08 5.4473108e-08 5.3336922e-08 5.2224753e-08 5.1136173e-08 5.0070755e-08 4.9028075e-08 4.8007713e-08 4.7009248e-08 4.6032268e-08 4.5076359e-08 4.4141114e-08 4.3226129e-08 4.2331006e-08 4.1455348e-08 4.0598767e-08 3.9760877e-08 3.8941297e-08 3.8139653e-08 3.7355574e-08 3.6588696e-08 3.5838660e-08 3.5105112e-08 3.4387703e-08 3.3686092e-08 3.2999941e-08 3.2328919e-08 3.1672701e-08 3.1030966e-08 3.0403400e-08 2.9789696e-08 2.9189549e-08 2.8602662e-08 2.8028744e-08 2.7467508e-08 2.6918674e-08 2.6381967e-08 2.5857116e-08 2.5343858e-08 2.4841933e-08 2.4351087e-08 2.3871072e-08 2.3401645e-08 2.2942565e-08 2.2493601e-08 2.2054524e-08 2.1625110e-08 2.1205139e-08
5.7958904e-08 5.6739058e-08 5.5545110e-08 5.4376604e-08 5.3233082e-08 5.2114091e-08 5.1019179e-08 4.9947897e-08 4.8899798e-08 4.7874442e-08 4.6871387e-08 4.5890202e-08 4.4930454e-08 4.3991718e-08 4.3073573e-08 4.2175604e-08 4.1297400e-08 4.0438555e-08 3.9598669e-08 3.8777348e-08 3.7974204e-08 3.7188854e-08 3.6420920e-08 3.5670032e-08 3.4935825e-08 3.4217940e-08 3.3516024e-08 3.2829731e-08 3.2158719e-08 3.1502654e-08 3.0861207e-08 3.0234057e-08 2.9620886e-08 2.9021385e-08 2.8435248e-08 2.7862177e-08 2.7301880e-08 2.6754070e-08 2.6218465e-08 2.5694791e-08 2.5182777e-08 2.4682159e-08 2.4192679e-08 2.3714083e-08 2.3246124e-08 2.2788558e-08 2.2341149e-08 2.1903664e-08 2.1475876e-08 2.1057562e-08
5.7874037e-08 5.6645596e-08 5.5443638e-08 5.4267676e-08 5.3117230e-08 5.1991821e-08 5.0890974e-08 4.9814215e-08 4.8761078e-08 4.7731099e-08 4.6723819e-08 4.5738784e-08 4.4775544e-08 4.3833656e-08 4.2912682e-08 4.2012189e-08 4.1131751e-08 4.0270948e-08 3.9429364e-08 3.8606592e-08 3.7802229e-08 3.7015881e-08 3.6247157e-08 3.5495676e-08 3.4761061e-08 3.4042943e-08 3.3340958e-08 3.2654751e-08 3.1983971e-08 3.1328274e-08 3.0687324e-08 3.0060790e-08 2.9448349e-08 2.8849681e-08 2.8264477e-08 2.7692430e-08 2.7133242e-08 2.6586620e-08 2.6052277e-08 2.5529932e-08 2.5019311e-08 2.4520143e-08 2.4032167e-08 2.3555123e-08 2.3088761e-08 2.2632832e-08 2.2187097e-08 2.1751319e-08 2.1325268e-08 2.0908717e-08
5.7775526e-08 5.6538936e-08 5.5329403e-08 5.4146416e-08 5.2989467e-08 5.1858052e-08 5.0751673e-08 4.9669833e-08 4.8612044e-08 4.7577821e-08 4.6566683e-08 4.5578158e-08 4.4611777e-08 4.3667080e-08 4.2743610e-08 4.1840918e-08 4.0958563e-08 4.0096109e-08 3.9253127e-08 3.8429194e-08 3.7623895e-08 3.6836823e-08 3.6067576e-08 3.5315760e-08 3.4580988e-08 3.3862879e-08 3.3161061e-08 3.2475168e-08 3.1804840e-08 3.1149726e-08 3.0509479e-08 2.9883762e-08 2.9272243e-08 2.8674597e-08 2.8090506e-08 2.7519658e-08 2.6961748e-08 2.6416477e-08 2.5883553e-08 2.5362689e-08 2.4853606e-08 2.4356030e-08 2.3869693e-08 2.3394332e-08 2.2929692e-08 2.2475523e-08 2.2031578e-08 2.1597619e-08 2.1173412e-08 2.0758728e-08
5.7663450e-08 5.6419165e-08 5.5202505e-08 5.4012929e-08 5.2849906e-08 5.1712906e-08 5.0601406e-08 4.9514887e-08 4.8452838e-08 4.7414753e-08 4.6400131e-08 4.5408481e-08 4.4439314e-08 4.3492153e-08 4.2566523e-08 4.1661960e-08 4.0778006e-08 3.9914211e-08 3.9070130e-08 3.8245328e-08 3.7439377e-08 3.6651856e-08 3.5882351e-08 3.5130459e-08 3.4395779e-08 3.3677923e-08 3.2976507e-08 3.2291155e-08 3.1621499e-08 3.0967179e-08 3.0327842e-08 2.9703140e-08 2.9092736e-08 2.8496297e-08 2.7913497e-08 2.7344021e-08 2.6787555e-08 2.6243796e-08 2.5712445e-08 2.5193212e-08 2.4685812e-08 2.4189965e-08 2.3705400e-08 2.3231851e-08 2.2769057e-08 2.2316765e-08 2.1874725e-08 2.1442695e-08 2.1020437e-08 2.0607721e-08
5.7537902e-08 5.6286389e-08 5.5063057e-08 5.3867341e-08 5.2698680e-08 5.1556522e-08 5.0440318e-08 4.9349528e-08 4.8283616e-08 4.7242057e-08 4.6224330e-08 4.5229921e-08 4.4258327e-08 4.3309049e-08 4.2381599e-08 4.1475494e-08 4.0590261e-08 3.9725434e-08 3.8880556e-08 3.8055177e-08 3.7248857e-08 3.6461161e-08 3.5691666e-08 3.4939954e-08 3.4205618e-08 3.3488255e-08 3.2787473e-08 3.2102889e-08 3.1434124e-08 3.0780809e-08 3.0142585e-08 2.9519095e-08 2.8909995e-08 2.8314946e-08 2.7733616e-08 2.7165681e-08 2.6610824e-08 2.6068734e-08 2.5539110e-08 2.5021654e-08 2.4516077e-08 2.4022097e-08 2.3539435e-08 2.3067823e-08 2.2606996e-08 2.2156697e-08 2.1716673e-08 2.1286678e-08 2.0866473e-08 2.0455823e-08
5.7398997e-08 5.6140731e-08 5.4911193e-08 5.3709790e-08 5.2535937e-08 5.1389054e-08 5.0268570e-08 4.9173921e-08 4.8104549e-08 4.7059908e-08 4.6039455e-08 4.5042660e-08 4.4068999e-08 4.3117956e-08 4.2189025e-08 4.1281708e-08 4.0395516e-08 3.9529969e-08 3.8684596e-08 3.7858933e-08 3.7052526e-08 3.6264930e-08 3.5495710e-08 3.4744436e-08 3.4010690e-08 3.3294061e-08 3.2594146e-08 3.1910553e-08 3.1242895e-08 3.0590796e-08 2.9953885e-08 2.9331803e-08 2.8724195e-08 2.8130716e-08 2.7551030e-08 2.6984804e-08 2.6431717e-08 2.5891454e-08 2.5363705e-08 2.4848171e-08 2.4344557e-08 2.3852575e-08 2.3371944e-08 2.2902392e-08 2.2443650e-08 2.1995457e-08 2.1557557e-08 2.1129703e-08 2.0711650e-08 2.0303161e-08
5.7246868e-08 5.5982333e-08 5.4747062e-08 5.3540435e-08 5.2361840e-08 5.1210672e-08 5.0086337e-08 4.8988246e-08 4.7915821e-08 4.6868492e-08 4.5845699e-08 4.4846891e-08 4.3871525e-08 4.2919069e-08 4.1988999e-08 4.1080802e-08 4.0193973e-08 3.9328017e-08 3.8482449e-08 3.7656794e-08 3.6850583e-08 3.6063361e-08 3.5294679e-08 3.4544098e-08 3.3811190e-08 3.3095533e-08 3.2396716e-08 3.1714336e-08 3.1048000e-08 3.0397322e-08 2.9761925e-08 2.9141442e-08 2.8535511e-08 2.7943782e-08 2.7365910e-08 2.6801560e-08 2.6250402e-08 2.5712117e-08 2.5186392e-08 2.4672920e-08 2.4171403e-08 2.3681550e-08 2.3203076e-08 2.2735704e-08 2.2279161e-08 2.1833185e-08 2.1397515e-08 2.0971902e-08 2.0556098e-08 2.0149864e-08
5.7081665e-08 5.5811353e-08 5.4570830e-08 5.3359448e-08 5.2176569e-08 5.1021562e-08 4.9893808e-08 4.8792697e-08 4.7717628e-08 4.6668010e-08 4.5643264e-08 4.4642817e-08 4.3666111e-08 4.2712595e-08 4.1781729e-08 4.0872983e-08 3.9985838e-08 3.9119785e-08 3.8274324e-08 3.7448967e-08 3.6643234e-08 3.5856657e-08 3.5088777e-08 3.4339144e-08 3.3607318e-08 3.2892869e-08 3.2195378e-08 3.1514432e-08 3.0849629e-08 3.0200577e-08 2.9566891e-08 2.8948196e-08 2.8344125e-08 2.7754320e-08 2.7178432e-08 2.6616118e-08 2.6067046e-08 2.5530890e-08 2.5007331e-08 2.4496060e-08 2.3996773e-08 2.3509176e-08 2.3032981e-08 2.2567904e-08 2.2113674e-08 2.1670021e-08 2.1236684e-08 2.0813410e-08 2.0399948e-08 1.9996058e-08
5.6903558e-08 5.5627971e-08 5.4382683e-08 5.3167021e-08 5.1980319e-08 5.0821923e-08 4.9691188e-08 4.8587482e-08 4.7510181e-08 4.6458676e-08 4.5432364e-08 4.4430657e-08 4.3452976e-08 4.2498753e-08 4.1567433e-08 4.0658471e-08 3.9771330e-08 3.8905490e-08 3.8060436e-08 3.7235667e-08 3.6430692e-08 3.5645031e-08 3.4878213e-08 3.4129779e-08 3.3399278e-08 3.2686273e-08 3.1990332e-08 3.1311037e-08 3.0647977e-08 3.0000752e-08 2.9368970e-08 2.8752250e-08 2.8150218e-08 2.7562510e-08 2.6988771e-08 2.6428654e-08 2.5881820e-08 2.5347938e-08 2.4826687e-08 2.4317751e-08 2.3820824e-08 2.3335607e-08 2.2861808e-08 2.2399142e-08 2.1947331e-08 2.1506106e-08 2.1075201e-08 2.0654360e-08 2.0243332e-08 1.9841873e-08
5.6712736e-08 5.5432380e-08 5.4182822e-08 5.2963360e-08 5.1773303e-08 5.0611971e-08 4.9478696e-08 4.8372822e-08 4.7293705e-08 4.6240714e-08 4.5213227e-08 4.4210636e-08 4.3232346e-08 4.2277771e-08 4.1346340e-08 4.0437491e-08 3.9550676e-08 3.8685357e-08 3.7841008e-08 3.7017116e-08 3.6213177e-08 3.5428700e-08 3.4663203e-08 3.3916217e-08 3.3187282e-08 3.2475950e-08 3.1781783e-08 3.1104353e-08 3.0443242e-08 2.9798043e-08 2.9168356e-08 2.8553794e-08 2.7953977e-08 2.7368535e-08 2.6797108e-08 2.6239342e-08 2.5694895e-08 2.5163431e-08 2.4644624e-08 2.4138155e-08 2.3643714e-08 2.3160997e-08 2.2689709e-08 2.2229563e-08 2.1780278e-08 2.1341581e-08 2.0913204e-08 2.0494888e-08 2.0086381e-08 1.9687434e-08
