Pycode/rasters/asc_loose (copy)/q750.asc
ncols 420
nrows 420
xllcenter 79108.64
yllcenter 236859.17
cellsize 4
nodata_value -9999
[rows 0 to 21 of 420, columns 150 to 199 of 420]
1.4446300e-08 1.4527268e-08 1.4606085e-08 1.4682705e-08 1.4757084e-08 1.4829183e-08 1.4898961e-08 1.4966385e-08 1.5031419e-08 1.5094033e-08 1.5154199e-08 1.5211892e-08 1.5267088e-08 1.5319769e-08 1.5369917e-08 1.5417517e-08 1.5462560e-08 1.5505037e-08 1.5544943e-08 1.5582276e-08 1.5617036e-08 1.5649227e-08 1.5678856e-08 1.5705932e-08 1.5730468e-08 1.5752478e-08 1.5771981e-08 1.5788997e-08 1.5803550e-08 1.5815664e-08 1.5825368e-08 1.5832693e-08 1.5837671e-08 1.5840337e-08 1.5840728e-08 1.5838882e-08 1.5834841e-08 1.5828647e-08 1.5820344e-08 1.5809978e-08 1.5797595e-08 1.5783243e-08 1.5766973e-08 1.5748835e-08 1.5728879e-08 1.5707159e-08 1.5683727e-08 1.5658636e-08 1.5631942e-08 1.5603698e-08
2.0543247e-08 2.0659405e-08 2.0772503e-08 2.0882474e-08 2.0989257e-08 2.1092792e-08 2.1193024e-08 2.1289899e-08 2.1383370e-08 2.1473392e-08 2.1559923e-08 2.1642926e-08 2.1722368e-08 2.1798219e-08 2.1870455e-08 2.1939056e-08 2.2004003e-08 2.2065285e-08 2.2122894e-08 2.2176825e-08 2.2227080e-08 2.2273662e-08 2.2316580e-08 2.2355847e-08 2.2391480e-08 2.2423500e-08 2.2451932e-08 2.2476804e-08 2.2498150e-08 2.2516005e-08 2.2530408e-08 2.2541404e-08 2.2549037e-08 2.2553358e-08 2.2554419e-08 2.2552275e-08 2.2546984e-08 2.2538607e-08 2.2527206e-08 2.2512845e-08 2.2495593e-08 2.2475518e-08 2.2452690e-08 2.2427181e-08 2.2399065e-08 2.2368417e-08 2.2335312e-08 2.2299827e-08 2.2262039e-08 2.2222028e-08
2.1632677e-08 2.1756603e-08 2.1877305e-08 2.1994712e-08 2.2108758e-08 2.2219378e-08 2.2326511e-08 2.2430101e-08 2.2530095e-08 2.2626443e-08 2.2719101e-08 2.2808027e-08 2.2893186e-08 2.2974544e-08 2.3052074e-08 2.3125753e-08 2.3195561e-08 2.3261483e-08 2.3323511e-08 2.3381638e-08 2.3435863e-08 2.3486190e-08 2.3532628e-08 2.3575188e-08 2.3613887e-08 2.3648747e-08 2.3679793e-08 2.3707055e-08 2.3730565e-08 2.3750362e-08 2.3766487e-08 2.3778984e-08 2.3787902e-08 2.3793293e-08 2.3795212e-08 2.3793716e-08 2.3788868e-08 2.3780729e-08 2.3769367e-08 2.3754851e-08 2.3737250e-08 2.3716638e-08 2.3693090e-08 2.3666681e-08 2.3637490e-08 2.3605596e-08 2.3571080e-08 2.3534022e-08 2.3494506e-08 2.3452614e-08
2.1890677e-08 2.2017868e-08 2.2141798e-08 2.2262392e-08 2.2379579e-08 2.2493293e-08 2.2603471e-08 2.2710054e-08 2.2812985e-08 2.2912213e-08 2.3007691e-08 2.3099375e-08 2.3187226e-08 2.3271211e-08 2.3351299e-08 2.3427464e-08 2.3499686e-08 2.3567948e-08 2.3632238e-08 2.3692551e-08 2.3748882e-08 2.3801235e-08 2.3849617e-08 2.3894038e-08 2.3934515e-08 2.3971069e-08 2.4003723e-08 2.4032507e-08 2.4057454e-08 2.4078602e-08 2.4095991e-08 2.4109667e-08 2.4119678e-08 2.4126075e-08 2.4128916e-08 2.4128257e-08 2.4124161e-08 2.4116692e-08 2.4105918e-08 2.4091908e-08 2.4074733e-08 2.4054469e-08 2.4031191e-08 2.4004976e-08 2.3975905e-08 2.3944058e-08 2.3909517e-08 2.3872365e-08 2.3832687e-08 2.3790568e-08
2.2152475e-08 2.2283016e-08 2.2410257e-08 2.2534120e-08 2.2654532e-08 2.2771424e-08 2.2884730e-08 2.2994387e-08 2.3100337e-08 2.3202526e-08 2.3300905e-08 2.3395426e-08 2.3486050e-08 2.3572739e-08 2.3655460e-08 2.3734188e-08 2.3808898e-08 2.3879572e-08 2.3946197e-08 2.4008764e-08 2.4067270e-08 2.4121716e-08 2.4172106e-08 2.4218452e-08 2.4260768e-08 2.4299074e-08 2.4333394e-08 2.4363757e-08 2.4390194e-08 2.4412744e-08 2.4431446e-08 2.4446347e-08 2.4457495e-08 2.4464942e-08 2.4468744e-08 2.4468960e-08 2.4465652e-08 2.4458886e-08 2.4448731e-08 2.4435255e-08 2.4418534e-08 2.4398641e-08 2.4375654e-08 2.4349654e-08 2.4320719e-08 2.4288934e-08 2.4254382e-08 2.4217148e-08 2.4177318e-08 2.4134980e-08
2.2418137e-08 2.2552114e-08 2.2682752e-08 2.2809970e-08 2.2933693e-08 2.3053848e-08 2.3170366e-08 2.3283183e-08 2.3392236e-08 2.3497470e-08 2.3598831e-08 2.3696272e-08 2.3789749e-08 2.3879222e-08 2.3964657e-08 2.4046024e-08 2.4123298e-08 2.4196460e-08 2.4265493e-08 2.4330388e-08 2.4391139e-08 2.4447746e-08 2.4500212e-08 2.4548548e-08 2.4592766e-08 2.4632886e-08 2.4668931e-08 2.4700929e-08 2.4728912e-08 2.4752917e-08 2.4772984e-08 2.4789158e-08 2.4801489e-08 2.4810029e-08 2.4814834e-08 2.4815964e-08 2.4813482e-08 2.4807454e-08 2.4797949e-08 2.4785039e-08 2.4768797e-08 2.4749301e-08 2.4726630e-08 2.4700863e-08 2.4672085e-08 2.4640378e-08 2.4605828e-08 2.4568524e-08 2.4528551e-08 2.4486001e-08
2.2687730e-08 2.2825231e-08 2.2959353e-08 2.3090015e-08 2.3217136e-08 2.3340642e-08 2.3460461e-08 2.3576523e-08 2.3688767e-08 2.3797131e-08 2.3901561e-08 2.4002006e-08 2.4098419e-08 2.4190758e-08 2.4278988e-08 2.4363075e-08 2.4442993e-08 2.4518719e-08 2.4590237e-08 2.4657534e-08 2.4720603e-08 2.4779442e-08 2.4834054e-08 2.4884447e-08 2.4930633e-08 2.4972631e-08 2.5010462e-08 2.5044155e-08 2.5073740e-08 2.5099255e-08 2.5120739e-08 2.5138238e-08 2.5151800e-08 2.5161479e-08 2.5167330e-08 2.5169415e-08 2.5167797e-08 2.5162543e-08 2.5153722e-08 2.5141408e-08 2.5125675e-08 2.5106602e-08 2.5084270e-08 2.5058759e-08 2.5030155e-08 2.4998544e-08 2.4964012e-08 2.4926649e-08 2.4886545e-08 2.4843790e-08
2.2961321e-08 2.3102436e-08 2.3240134e-08 2.3374330e-08 2.3504941e-08 2.3631888e-08 2.3755096e-08 2.3874495e-08 2.3990017e-08 2.4101600e-08 2.4209186e-08 2.4312722e-08 2.4412157e-08 2.4507448e-08 2.4598556e-08 2.4685446e-08 2.4768089e-08 2.4846460e-08 2.4920541e-08 2.4990317e-08 2.5055779e-08 2.5116924e-08 2.5173753e-08 2.5226273e-08 2.5274495e-08 2.5318436e-08 2.5358117e-08 2.5393566e-08 2.5424813e-08 2.5451895e-08 2.5474851e-08 2.5493726e-08 2.5508569e-08 2.5519434e-08 2.5526377e-08 2.5529460e-08 2.5528746e-08 2.5524302e-08 2.5516201e-08 2.5504515e-08 2.5489322e-08 2.5470700e-08 2.5448731e-08 2.5423499e-08 2.5395090e-08 2.5363592e-08 2.5329093e-08 2.5291685e-08 2.5251460e-08 2.5208511e-08
2.3238980e-08 2.3383802e-08 2.3525169e-08 2.3662992e-08 2.3797184e-08 2.3927665e-08 2.4054356e-08 2.4177183e-08 2.4296076e-08 2.4410969e-08 2.4521802e-08 2.4628517e-08 2.4731063e-08 2.4829394e-08 2.4923467e-08 2.5013245e-08 2.5098697e-08 2.5179795e-08 2.5256520e-08 2.5328854e-08 2.5396787e-08 2.5460314e-08 2.5519434e-08 2.5574153e-08 2.5624481e-08 2.5670433e-08 2.5712031e-08 2.5749300e-08 2.5782270e-08 2.5810978e-08 2.5835462e-08 2.5855768e-08 2.5871944e-08 2.5884045e-08 2.5892126e-08 2.5896250e-08 2.5896481e-08 2.5892888e-08 2.5885543e-08 2.5874520e-08 2.5859897e-08 2.5841754e-08 2.5820176e-08 2.5795246e-08 2.5767054e-08 2.5735687e-08 2.5701238e-08 2.5663799e-08 2.5623465e-08 2.5580330e-08
2.3520779e-08 2.3669403e-08 2.3814534e-08 2.3956078e-08 2.4093948e-08 2.4228058e-08 2.4358327e-08 2.4484676e-08 2.4607034e-08 2.4725331e-08 2.4839503e-08 2.4949491e-08 2.5055240e-08 2.5156700e-08 2.5253827e-08 2.5346581e-08 2.5434928e-08 2.5518839e-08 2.5598291e-08 2.5673266e-08 2.5743750e-08 2.5809738e-08 2.5871226e-08 2.5928218e-08 2.5980725e-08 2.6028759e-08 2.6072341e-08 2.6111496e-08 2.6146253e-08 2.6176647e-08 2.6202719e-08 2.6224512e-08 2.6242075e-08 2.6255462e-08 2.6264730e-08 2.6269942e-08 2.6271162e-08 2.6268460e-08 2.6261908e-08 2.6251583e-08 2.6237563e-08 2.6219931e-08 2.6198770e-08 2.6174168e-08 2.6146214e-08 2.6114999e-08 2.6080617e-08 2.6043162e-08 2.6002730e-08 2.5959420e-08
2.3806788e-08 2.3959312e-08 2.4108305e-08 2.4253670e-08 2.4395316e-08 2.4533153e-08 2.4667096e-08 2.4797066e-08 2.4922985e-08 2.5044783e-08 2.5162390e-08 2.5275745e-08 2.5384790e-08 2.5489473e-08 2.5589746e-08 2.5685567e-08 2.5776899e-08 2.5863711e-08 2.5945977e-08 2.6023676e-08 2.6096795e-08 2.6165324e-08 2.6229259e-08 2.6288603e-08 2.6343363e-08 2.6393552e-08 2.6439189e-08 2.6480298e-08 2.6516907e-08 2.6549052e-08 2.6576772e-08 2.6600110e-08 2.6619116e-08 2.6633843e-08 2.6644348e-08 2.6650695e-08 2.6652949e-08 2.6651181e-08 2.6645463e-08 2.6635872e-08 2.6622489e-08 2.6605398e-08 2.6584684e-08 2.6560435e-08 2.6532743e-08 2.6501701e-08 2.6467404e-08 2.6429948e-08 2.6389433e-08 2.6345958e-08
2.4097081e-08 2.4253606e-08 2.4406561e-08 2.4555848e-08 2.4701370e-08 2.4843034e-08 2.4980754e-08 2.5114444e-08 2.5244025e-08 2.5369421e-08 2.5490563e-08 2.5607383e-08 2.5719821e-08 2.5827823e-08 2.5931337e-08 2.6030318e-08 2.6124727e-08 2.6214530e-08 2.6299699e-08 2.6380211e-08 2.6456050e-08 2.6527204e-08 2.6593669e-08 2.6655443e-08 2.6712534e-08 2.6764954e-08 2.6812719e-08 2.6855853e-08 2.6894383e-08 2.6928345e-08 2.6957776e-08 2.6982720e-08 2.7003226e-08 2.7019348e-08 2.7031143e-08 2.7038675e-08 2.7042010e-08 2.7041219e-08 2.7036376e-08 2.7027558e-08 2.7014849e-08 2.6998331e-08 2.6978093e-08 2.6954225e-08 2.6926820e-08 2.6895972e-08 2.6861779e-08 2.6824340e-08 2.6783755e-08 2.6740128e-08
2.4391734e-08 2.4552362e-08 2.4709383e-08 2.4862695e-08 2.5012197e-08 2.5157793e-08 2.5299392e-08 2.5436905e-08 2.5570250e-08 2.5699348e-08 2.5824125e-08 2.5944511e-08 2.6060443e-08 2.6171861e-08 2.6278714e-08 2.6380952e-08 2.6478533e-08 2.6571421e-08 2.6659585e-08 2.6743001e-08 2.6821648e-08 2.6895515e-08 2.6964592e-08 2.7028880e-08 2.7088383e-08 2.7143111e-08 2.7193080e-08 2.7238312e-08 2.7278835e-08 2.7314681e-08 2.7345888e-08 2.7372501e-08 2.7394568e-08 2.7412142e-08 2.7425282e-08 2.7434051e-08 2.7438516e-08 2.7438748e-08 2.7434822e-08 2.7426818e-08 2.7414819e-08 2.7398909e-08 2.7379180e-08 2.7355721e-08 2.7328628e-08 2.7297997e-08 2.7263929e-08 2.7226523e-08 2.7185884e-08 2.7142115e-08
2.4690823e-08 2.4855660e-08 2.5016854e-08 2.5174296e-08 2.5327884e-08 2.5477518e-08 2.5623102e-08 2.5764546e-08 2.5901760e-08 2.6034665e-08 2.6163181e-08 2.6287237e-08 2.6406765e-08 2.6521703e-08 2.6631995e-08 2.6737589e-08 2.6838441e-08 2.6934511e-08 2.7025766e-08 2.7112177e-08 2.7193725e-08 2.7270393e-08 2.7342172e-08 2.7409059e-08 2.7471057e-08 2.7528174e-08 2.7580425e-08 2.7627831e-08 2.7670419e-08 2.7708220e-08 2.7741273e-08 2.7769620e-08 2.7793310e-08 2.7812396e-08 2.7826937e-08 2.7836997e-08 2.7842642e-08 2.7843945e-08 2.7840982e-08 2.7833833e-08 2.7822582e-08 2.7807317e-08 2.7788128e-08 2.7765109e-08 2.7738355e-08 2.7707966e-08 2.7674043e-08 2.7636690e-08 2.7596012e-08 2.7552115e-08
2.4994427e-08 2.5163581e-08 2.5329056e-08 2.5490738e-08 2.5648522e-08 2.5802303e-08 2.5951982e-08 2.6097464e-08 2.6238657e-08 2.6375477e-08 2.6507841e-08 2.6635673e-08 2.6758903e-08 2.6877466e-08 2.6991301e-08 2.7100354e-08 2.7204578e-08 2.7303929e-08 2.7398372e-08 2.7487877e-08 2.7572419e-08 2.7651982e-08 2.7726553e-08 2.7796127e-08 2.7860705e-08 2.7920295e-08 2.7974910e-08 2.8024570e-08 2.8069299e-08 2.8109129e-08 2.8144097e-08 2.8174246e-08 2.8199624e-08 2.8220284e-08 2.8236285e-08 2.8247691e-08 2.8254569e-08 2.8256993e-08 2.8255039e-08 2.8248789e-08 2.8238328e-08 2.8223745e-08 2.8205131e-08 2.8182582e-08 2.8156196e-08 2.8126074e-08 2.8092319e-08 2.8055038e-08 2.8014337e-08 2.7970327e-08
2.5302624e-08 2.5476208e-08 2.5646075e-08 2.5812110e-08 2.5974202e-08 2.6132243e-08 2.6286129e-08 2.6435761e-08 2.6581045e-08 2.6721891e-08 2.6858213e-08 2.6989932e-08 2.7116974e-08 2.7239269e-08 2.7356754e-08 2.7469373e-08 2.7577073e-08 2.7679809e-08 2.7777542e-08 2.7870239e-08 2.7957874e-08 2.8040427e-08 2.8117883e-08 2.8190236e-08 2.8257485e-08 2.8319634e-08 2.8376697e-08 2.8428691e-08 2.8475640e-08 2.8517575e-08 2.8554532e-08 2.8586553e-08 2.8613686e-08 2.8635984e-08 2.8653507e-08 2.8666317e-08 2.8674483e-08 2.8678080e-08 2.8677184e-08 2.8671879e-08 2.8662250e-08 2.8648387e-08 2.8630384e-08 2.8608338e-08 2.8582350e-08 2.8552521e-08 2.8518958e-08 2.8481769e-08 2.8441064e-08 2.8396955e-08
2.5615496e-08 2.5793623e-08 2.5967998e-08 2.6138501e-08 2.6305017e-08 2.6467433e-08 2.6625642e-08 2.6779540e-08 2.6929030e-08 2.7074016e-08 2.7214411e-08 2.7350131e-08 2.7481096e-08 2.7607236e-08 2.7728482e-08 2.7844775e-08 2.7956059e-08 2.8062286e-08 2.8163414e-08 2.8259407e-08 2.8350235e-08 2.8435877e-08 2.8516316e-08 2.8591542e-08 2.8661553e-08 2.8726352e-08 2.8785950e-08 2.8840363e-08 2.8889614e-08 2.8933733e-08 2.8972754e-08 2.9006720e-08 2.9035679e-08 2.9059682e-08 2.9078789e-08 2.9093065e-08 2.9102577e-08 2.9107400e-08 2.9107613e-08 2.9103299e-08 2.9094546e-08 2.9081445e-08 2.9064091e-08 2.9042583e-08 2.9017023e-08 2.8987516e-08 2.8954169e-08 2.8917094e-08 2.8876403e-08 2.8832211e-08
2.5933126e-08 2.6115915e-08 2.6294915e-08 2.6470005e-08 2.6641062e-08 2.6807972e-08 2.6970623e-08 2.7128906e-08 2.7282720e-08 2.7431966e-08 2.7576551e-08 2.7716387e-08 2.7851393e-08 2.7981492e-08 2.8106614e-08 2.8226693e-08 2.8341673e-08 2.8451501e-08 2.8556132e-08 2.8655527e-08 2.8749653e-08 2.8838487e-08 2.8922008e-08 2.9000206e-08 2.9073074e-08 2.9140616e-08 2.9202839e-08 2.9259758e-08 2.9311396e-08 2.9357780e-08 2.9398945e-08 2.9434933e-08 2.9465789e-08 2.9491567e-08 2.9512325e-08 2.9528128e-08 2.9539045e-08 2.9545151e-08 2.9546526e-08 2.9543253e-08 2.9535422e-08 2.9523125e-08 2.9506459e-08 2.9485525e-08 2.9460426e-08 2.9431270e-08 2.9398166e-08 2.9361228e-08 2.9320571e-08 2.9276313e-08
2.6255598e-08 2.6443169e-08 2.6626917e-08 2.6806714e-08 2.6982436e-08 2.7153962e-08 2.7321177e-08 2.7483967e-08 2.7642227e-08 2.7795854e-08 2.7944750e-08 2.8088824e-08 2.8227990e-08 2.8362167e-08 2.8491281e-08 2.8615264e-08 2.8734054e-08 2.8847597e-08 2.8955842e-08 2.9058749e-08 2.9156281e-08 2.9248412e-08 2.9335120e-08 2.9416390e-08 2.9492216e-08 2.9562596e-08 2.9627538e-08 2.9687055e-08 2.9741167e-08 2.9789901e-08 2.9833292e-08 2.9871379e-08 2.9904208e-08 2.9931833e-08 2.9954311e-08 2.9971707e-08 2.9984092e-08 2.9991539e-08 2.9994130e-08 2.9991951e-08 2.9985089e-08 2.9973641e-08 2.9957705e-08 2.9937382e-08 2.9912778e-08 2.9884004e-08 2.9851171e-08 2.9814394e-08 2.9773792e-08 2.9729484e-08
2.6582999e-08 2.6775475e-08 2.6964095e-08 2.7148725e-08 2.7329237e-08 2.7505505e-08 2.7677409e-08 2.7844833e-08 2.8007664e-08 2.8165797e-08 2.8319129e-08 2.8467565e-08 2.8611014e-08 2.8749392e-08 2.8882620e-08 2.9010626e-08 2.9133346e-08 2.9250719e-08 2.9362695e-08 2.9469227e-08 2.9570278e-08 2.9665815e-08 2.9755817e-08 2.9840264e-08 2.9919149e-08 2.9992467e-08 3.0060225e-08 3.0122433e-08 3.0179111e-08 3.0230284e-08 3.0275985e-08 3.0316253e-08 3.0351134e-08 3.0380680e-08 3.0404950e-08 3.0424008e-08 3.0437924e-08 3.0446774e-08 3.0450639e-08 3.0449606e-08 3.0443765e-08 3.0433212e-08 3.0418048e-08 3.0398376e-08 3.0374304e-08 3.0345943e-08 3.0313409e-08 3.0276819e-08 3.0236294e-08 3.0191957e-08
2.6915417e-08 2.7112926e-08 2.7306545e-08 2.7496136e-08 2.7681567e-08 2.7862706e-08 2.8039430e-08 2.8211616e-08 2.8379148e-08 2.8541916e-08 2.8699812e-08 2.8852738e-08 2.9000597e-08 2.9143301e-08 2.9280769e-08 2.9412923e-08 2.9539694e-08 2.9661020e-08 2.9776845e-08 2.9887120e-08 2.9991803e-08 3.0090861e-08 3.0184267e-08 3.0272001e-08 3.0354050e-08 3.0430410e-08 3.0501084e-08 3.0566082e-08 3.0625420e-08 3.0679123e-08 3.0727222e-08 3.0769756e-08 3.0806770e-08 3.0838316e-08 3.0864452e-08 3.0885242e-08 3.0900756e-08 3.0911073e-08 3.0916272e-08 3.0916441e-08 3.0911673e-08 3.0902064e-08 3.0887717e-08 3.0868737e-08 3.0845234e-08 3.0817321e-08 3.0785117e-08 3.0748740e-08 3.0708316e-08 3.0663969e-08
2.7252942e-08 2.7455614e-08 2.7654364e-08 2.7849048e-08 2.8039530e-08 2.8225673e-08 2.8407349e-08 2.8584430e-08 2.8756797e-08 2.8924332e-08 2.9086926e-08 2.9244473e-08 2.9396873e-08 2.9544035e-08 2.9685870e-08 2.9822299e-08 2.9953249e-08 3.0078652e-08 3.0198449e-08 3.0312589e-08 3.0421025e-08 3.0523720e-08 3.0620645e-08 3.0711777e-08 3.0797101e-08 3.0876610e-08 3.0950304e-08 3.1018192e-08 3.1080288e-08 3.1136615e-08 3.1187205e-08 3.1232093e-08 3.1271325e-08 3.1304951e-08 3.1333030e-08 3.1355626e-08 3.1372810e-08 3.1384658e-08 3.1391253e-08 3.1392684e-08 3.1389043e-08 3.1380430e-08 3.1366946e-08 3.1348701e-08 3.1325807e-08 3.1298378e-08 3.1266535e-08 3.1230400e-08 3.1190101e-08 3.1145765e-08
