Pycode/rasters/q1r (copy).asc
NCOLS 496
NROWS 496
XLLCENTER 79423.54
YLLCENTER 236855.12
CELLSIZE 5
NODATA_VALUE 0
[rows 330 to 351 of 496, columns 250 to 299 of 496]
1.0787381e-09 1.1912880e-09 1.3110306e-09 1.4379941e-09 1.5721728e-09 1.7135266e-09 1.8619812e-09 2.0174282e-09 2.1797261e-09 2.3487011e-09 2.5241481e-09 2.7058325e-09 2.8934915e-09 3.0868361e-09 3.2855531e-09 3.4893068e-09 3.6977419e-09 3.9104851e-09 4.1271478e-09 4.3473283e-09 4.5706143e-09 4.7965849e-09 5.0248135e-09 5.2548695e-09 5.4863204e-09 5.7187347e-09 5.9516828e-09 6.1847398e-09 6.4174866e-09 6.6495120e-09 6.8804141e-09 7.1098016e-09 7.3372949e-09 7.5625277e-09 7.7851476e-09 8.0048170e-09 8.2212141e-09 8.4340331e-09 8.6429852e-09 8.8477984e-09 9.0482182e-09 9.2440079e-09 9.4349479e-09 9.6208367e-09 9.8014901e-09 9.9767412e-09 1.0146440e-08 1.0310455e-08 1.0468668e-08 1.0620980e-08
1.0007365e-09 1.1052317e-09 1.2164687e-09 1.3344870e-09 1.4592948e-09 1.5908689e-09 1.7291548e-09 1.8740666e-09 2.0254877e-09 2.1832714e-09 2.3472419e-09 2.5171956e-09 2.6929021e-09 2.8741065e-09 3.0605302e-09 3.2518734e-09 3.4478167e-09 3.6480233e-09 3.8521408e-09 4.0598037e-09 4.2706354e-09 4.4842499e-09 4.7002546e-09 4.9182519e-09 5.1378413e-09 5.3586215e-09 5.5801919e-09 5.8021549e-09 6.0241170e-09 6.2456909e-09 6.4664965e-09 6.6861627e-09 6.9043282e-09 7.1206429e-09 7.3347687e-09 7.5463806e-09 7.7551674e-09 7.9608320e-09 8.1630925e-09 8.3616823e-09 8.5563505e-09 8.7468620e-09 8.9329980e-09 9.1145558e-09 9.2913486e-09 9.4632061e-09 9.6299736e-09 9.7915120e-09 9.9476980e-09 1.0098423e-08
9.2874665e-10 1.0258012e-09 1.1291755e-09 1.2389182e-09 1.3550491e-09 1.4775598e-09 1.6064129e-09 1.7415420e-09 1.8828526e-09 2.0302219e-09 2.1835003e-09 2.3425118e-09 2.5070554e-09 2.6769066e-09 2.8518186e-09 3.0315238e-09 3.2157358e-09 3.4041512e-09 3.5964510e-09 3.7923031e-09 3.9913638e-09 4.1932797e-09 4.3976901e-09 4.6042282e-09 4.8125235e-09 5.0222034e-09 5.2328950e-09 5.4442266e-09 5.6558294e-09 5.8673390e-09 6.0783970e-09 6.2886516e-09 6.4977599e-09 6.7053878e-09 6.9112119e-09 7.1149201e-09 7.3162119e-09 7.5148001e-09 7.7104101e-09 7.9027817e-09 8.0916683e-09 8.2768380e-09 8.4580736e-09 8.6351724e-09 8.8079468e-09 8.9762238e-09 9.1398453e-09 9.2986676e-09 9.4525617e-09 9.6014124e-09
8.6227388e-10 9.5245184e-10 1.0485545e-09 1.1506377e-09 1.2587314e-09 1.3728394e-09 1.4929391e-09 1.6189814e-09 1.7508909e-09 1.8885663e-09 2.0318810e-09 2.1806839e-09 2.3348004e-09 2.4940333e-09 2.6581644e-09 2.8269558e-09 3.0001510e-09 3.1774770e-09 3.3586459e-09 3.5433560e-09 3.7312942e-09 3.9221375e-09 4.1155546e-09 4.3112080e-09 4.5087552e-09 4.7078508e-09 4.9081479e-09 5.1092997e-09 5.3109611e-09 5.5127897e-09 5.7144479e-09 5.9156034e-09 6.1159306e-09 6.3151118e-09 6.5128383e-09 6.7088107e-09 6.9027403e-09 7.0943494e-09 7.2833720e-09 7.4695545e-09 7.6526559e-09 7.8324482e-09 8.0087166e-09 8.1812599e-09 8.3498904e-09 8.5144339e-09 8.6747301e-09 8.8306320e-09 8.9820060e-09 9.1287318e-09
8.0086697e-10 8.8468686e-10 9.7406154e-10 1.0690526e-09 1.1696984e-09 1.2760133e-09 1.3879874e-09 1.5055866e-09 1.6287523e-09 1.7574020e-09 1.8914298e-09 2.0307067e-09 2.1750816e-09 2.3243823e-09 2.4784164e-09 2.6369725e-09 2.7998219e-09 2.9667193e-09 3.1374049e-09 3.3116056e-09 3.4890364e-09 3.6694024e-09 3.8523999e-09 4.0377185e-09 4.2250421e-09 4.4140510e-09 4.6044229e-09 4.7958346e-09 4.9879636e-09 5.1804890e-09 5.3730929e-09 5.5654619e-09 5.7572878e-09 5.9482689e-09 6.1381108e-09 6.3265274e-09 6.5132414e-09 6.6979855e-09 6.8805025e-09 7.0605462e-09 7.2378816e-09 7.4122854e-09 7.5835463e-09 7.7514653e-09 7.9158557e-09 8.0765433e-09 8.2333663e-09 8.3861758e-09 8.5348348e-09 8.6792191e-09
7.4411411e-10 8.2205272e-10 9.0519973e-10 9.9362144e-10 1.0873629e-09 1.1864474e-09 1.2908761e-09 1.4006277e-09 1.5156585e-09 1.6359026e-09 1.7612723e-09 1.8916584e-09 2.0269309e-09 2.1669399e-09 2.3115163e-09 2.4604733e-09 2.6136069e-09 2.7706974e-09 2.9315108e-09 3.0958001e-09 3.2633064e-09 3.4337608e-09 3.6068854e-09 3.7823949e-09 3.9599981e-09 4.1393994e-09 4.3202998e-09 4.5023987e-09 4.6853948e-09 4.8689878e-09 5.0528791e-09 5.2367733e-09 5.4203793e-09 5.6034109e-09 5.7855882e-09 5.9666380e-09 6.1462949e-09 6.3243020e-09 6.5004113e-09 6.6743844e-09 6.8459929e-09 7.0150190e-09 7.1812554e-09 7.3445061e-09 7.5045864e-09 7.6613227e-09 7.8145533e-09 7.9641277e-09 8.1099071e-09 8.2517642e-09
6.9163923e-10 7.6413521e-10 8.4151529e-10 9.2384933e-10 1.0111879e-09 1.1035618e-09 1.2009815e-09 1.3034368e-09 1.4108970e-09 1.5233110e-09 1.6406069e-09 1.7626933e-09 1.8894592e-09 2.0207746e-09 2.1564918e-09 2.2964456e-09 2.4404549e-09 2.5883233e-09 2.7398406e-09 2.8947835e-09 3.0529175e-09 3.2139976e-09 3.3777698e-09 3.5439724e-09 3.7123375e-09 3.8825920e-09 4.0544589e-09 4.2276589e-09 4.4019112e-09 4.5769348e-09 4.7524499e-09 4.9281785e-09 5.1038459e-09 5.2791812e-09 5.4539187e-09 5.6277981e-09 5.8005658e-09 5.9719755e-09 6.1417886e-09 6.3097748e-09 6.4757129e-09 6.6393908e-09 6.8006062e-09 6.9591667e-09 7.1148900e-09 7.2676044e-09 7.4171486e-09 7.5633720e-09 7.7061345e-09 7.8453066e-09
6.4309867e-10 7.1055582e-10 7.8259343e-10 8.5928399e-10 9.4068251e-10 1.0268259e-09 1.1177326e-09 1.2134022e-09 1.3138151e-09 1.4189330e-09 1.5286985e-09 1.6430356e-09 1.7618503e-09 1.8850307e-09 2.0124480e-09 2.1439571e-09 2.2793974e-09 2.4185939e-09 2.5613579e-09 2.7074884e-09 2.8567728e-09 3.0089885e-09 3.1639036e-09 3.3212786e-09 3.4808671e-09 3.6424172e-09 3.8056727e-09 3.9703744e-09 4.1362608e-09 4.3030697e-09 4.4705389e-09 4.6384073e-09 4.8064160e-09 4.9743091e-09 5.1418347e-09 5.3087454e-09 5.4747992e-09 5.6397605e-09 5.8034002e-09 5.9654965e-09 6.1258355e-09 6.2842115e-09 6.4404273e-09 6.5942949e-09 6.7456353e-09 6.8942790e-09 7.0400660e-09 7.1828462e-09 7.3224792e-09 7.4588344e-09
5.9817820e-10 6.6096841e-10 7.2805477e-10 7.9951161e-10 8.7539740e-10 9.5575416e-10 1.0406070e-09 1.1299636e-09 1.2238145e-09 1.3221323e-09 1.4248723e-09 1.5319726e-09 1.6433540e-09 1.7589210e-09 1.8785619e-09 2.0021495e-09 2.1295421e-09 2.2605840e-09 2.3951064e-09 2.5329283e-09 2.6738578e-09 2.8176928e-09 2.9642220e-09 3.1132263e-09 3.2644794e-09 3.4177495e-09 3.5727999e-09 3.7293901e-09 3.8872773e-09 4.0462167e-09 4.2059633e-09 4.3662721e-09 4.5268995e-09 4.6876041e-09 4.8481474e-09 5.0082947e-09 5.1678157e-09 5.3264851e-09 5.4840836e-09 5.6403980e-09 5.7952220e-09 5.9483565e-09 6.0996101e-09 6.2487994e-09 6.3957491e-09 6.5402928e-09 6.6822724e-09 6.8215389e-09 6.9579523e-09 7.0913816e-09
5.5659036e-10 6.1505630e-10 6.7755219e-10 7.4415348e-10 8.1492128e-10 8.8990173e-10 9.6912549e-10 1.0526074e-09 1.1403463e-09 1.2323248e-09 1.3285091e-09 1.4288497e-09 1.5332809e-09 1.6417216e-09 1.7540756e-09 1.8702321e-09 1.9900662e-09 2.1134399e-09 2.2402025e-09 2.3701917e-09 2.5032343e-09 2.6391472e-09 2.7777381e-09 2.9188069e-09 3.0621463e-09 3.2075430e-09 3.3547785e-09 3.5036305e-09 3.6538732e-09 3.8052788e-09 3.9576185e-09 4.1106627e-09 4.2641826e-09 4.4179508e-09 4.5717419e-09 4.7253334e-09 4.8785065e-09 5.0310465e-09 5.1827436e-09 5.3333934e-09 5.4827973e-09 5.6307632e-09 5.7771055e-09 5.9216460e-09 6.0642137e-09 6.2046454e-09 6.3427857e-09 6.4784873e-09 6.6116112e-09 6.7420267e-09
5.1807201e-10 5.7252958e-10 6.3076783e-10 6.9286275e-10 7.5887736e-10 8.2886107e-10 9.0284920e-10 9.8086255e-10 1.0629072e-09 1.1489743e-09 1.2390399e-09 1.3330653e-09 1.4309968e-09 1.5327662e-09 1.6382913e-09 1.7474759e-09 1.8602107e-09 1.9763735e-09 2.0958303e-09 2.2184357e-09 2.3440339e-09 2.4724592e-09 2.6035370e-09 2.7370848e-09 2.8729128e-09 3.0108252e-09 3.1506208e-09 3.2920937e-09 3.4350348e-09 3.5792323e-09 3.7244725e-09 3.8705409e-09 4.0172227e-09 4.1643040e-09 4.3115721e-09 4.4588166e-09 4.6058297e-09 4.7524072e-09 4.8983488e-09 5.0434589e-09 5.1875467e-09 5.3304272e-09 5.4719211e-09 5.6118554e-09 5.7500639e-09 5.8863871e-09 6.0206726e-09 6.1527755e-09 6.2825582e-09 6.4098909e-09
4.8238214e-10 5.3312271e-10 5.8741051e-10 6.4532160e-10 7.0692028e-10 7.7225851e-10 8.4137537e-10 9.1429671e-10 9.9103484e-10 1.0715883e-09 1.1559417e-09 1.2440659e-09 1.3359180e-09 1.4314413e-09 1.5305659e-09 1.6332091e-09 1.7392753e-09 1.8486571e-09 1.9612356e-09 2.0768808e-09 2.1954528e-09 2.3168021e-09 2.4407704e-09 2.5671915e-09 2.6958920e-09 2.8266923e-09 2.9594072e-09 3.0938467e-09 3.2298171e-09 3.3671217e-09 3.5055615e-09 3.6449359e-09 3.7850439e-09 3.9256844e-09 4.0666571e-09 4.2077631e-09 4.3488057e-09 4.4895907e-09 4.6299274e-09 4.7696287e-09 4.9085120e-09 5.0463993e-09 5.1831177e-09 5.3185000e-09 5.4523846e-09 5.5846163e-09 5.7150463e-09 5.8435321e-09 5.9699382e-09 6.0941362e-09
4.4929989e-10 4.9659231e-10 5.4721333e-10 6.0123865e-10 6.5873333e-10 7.1975121e-10 7.8433445e-10 8.5251306e-10 9.2430466e-10 9.9971418e-10 1.0787338e-09 1.1613427e-09 1.2475073e-09 1.3371816e-09 1.4303067e-09 1.5268116e-09 1.6266137e-09 1.7296186e-09 1.8357211e-09 1.9448057e-09 2.0567468e-09 2.1714099e-09 2.2886516e-09 2.4083209e-09 2.5302597e-09 2.6543035e-09 2.7802819e-09 2.9080200e-09 3.0373386e-09 3.1680552e-09 3.2999846e-09 3.4329398e-09 3.5667326e-09 3.7011744e-09 3.8360766e-09 3.9712518e-09 4.1065137e-09 4.2416783e-09 4.3765640e-09 4.5109925e-09 4.6447890e-09 4.7777827e-09 4.9098073e-09 5.0407013e-09 5.1703084e-09 5.2984777e-09 5.4250640e-09 5.5499281e-09 5.6729370e-09 5.7939639e-09
4.1862277e-10 4.6271522e-10 5.0993152e-10 5.6034663e-10 6.1402591e-10 6.7102456e-10 7.3138712e-10 7.9514707e-10 8.6232651e-10 9.3293587e-10 1.0069738e-09 1.0844269e-09 1.1652701e-09 1.2494664e-09 1.3369669e-09 1.4277116e-09 1.5216289e-09 1.6186366e-09 1.7186421e-09 1.8215428e-09 1.9272264e-09 2.0355721e-09 2.1464504e-09 2.2597244e-09 2.3752499e-09 2.4928765e-09 2.6124481e-09 2.7338035e-09 2.8567771e-09 2.9812000e-09 3.1069001e-09 3.2337031e-09 3.3614332e-09 3.4899136e-09 3.6189672e-09 3.7484174e-09 3.8780883e-09 4.0078055e-09 4.1373966e-09 4.2666917e-09 4.3955240e-09 4.5237299e-09 4.6511496e-09 4.7776276e-09 4.9030129e-09 5.0271592e-09 5.1499254e-09 5.2711756e-09 5.3907795e-09 5.5086126e-09
3.9016501e-10 4.3128671e-10 4.7534047e-10 5.2240022e-10 5.7253124e-10 6.2578959e-10 6.8222166e-10 7.4186373e-10 8.0474165e-10 8.7087055e-10 9.4025468e-10 1.0128873e-09 1.0887505e-09 1.1678155e-09 1.2500424e-09 1.3353808e-09 1.4237694e-09 1.5151369e-09 1.6094020e-09 1.7064740e-09 1.8062529e-09 1.9086302e-09 2.0134894e-09 2.1207065e-09 2.2301505e-09 2.3416839e-09 2.4551637e-09 2.5704418e-09 2.6873656e-09 2.8057786e-09 2.9255212e-09 3.0464312e-09 3.1683445e-09 3.2910958e-09 3.4145189e-09 3.5384475e-09 3.6627157e-09 3.7871587e-09 3.9116130e-09 4.0359170e-09 4.1599115e-09 4.2834403e-09 4.4063502e-09 4.5284917e-09 4.6497190e-09 4.7698909e-09 4.8888703e-09 5.0065251e-09 5.1227281e-09 5.2373572e-09
3.6375610e-10 4.0211884e-10 4.4323398e-10 4.8717418e-10 5.3400430e-10 5.8378086e-10 6.3655160e-10 6.9235502e-10 7.5122009e-10 8.1316594e-10 8.7820168e-10 9.4632620e-10 1.0175282e-09 1.0917860e-09 1.1690677e-09 1.2493316e-09 1.3325256e-09 1.4185883e-09 1.5074487e-09 1.5990269e-09 1.6932340e-09 1.7899732e-09 1.8891396e-09 1.9906213e-09 2.0942992e-09 2.2000482e-09 2.3077375e-09 2.4172310e-09 2.5283883e-09 2.6410647e-09 2.7551124e-09 2.8703806e-09 2.9867164e-09 3.1039653e-09 3.2219715e-09 3.3405789e-09 3.4596312e-09 3.5789726e-09 3.6984483e-09 3.8179050e-09 3.9371911e-09 4.0561575e-09 4.1746576e-09 4.2925479e-09 4.4096882e-09 4.5259420e-09 4.6411769e-09 4.7552645e-09 4.8680808e-09 4.9795067e-09
3.3923945e-10 3.7503902e-10 4.1342266e-10 4.5446157e-10 4.9821992e-10 5.4475434e-10 5.9411347e-10 6.4633757e-10 7.0145815e-10 7.5949771e-10 8.2046950e-10 8.8437737e-10 9.5121566e-10 1.0209692e-09 1.0936131e-09 1.1691134e-09 1.2474263e-09 1.3284994e-09 1.4122710e-09 1.4986710e-09 1.5876208e-09 1.6790341e-09 1.7728169e-09 1.8688681e-09 1.9670802e-09 2.0673391e-09 2.1695254e-09 2.2735146e-09 2.3791772e-09 2.4863800e-09 2.5949861e-09 2.7048556e-09 2.8158461e-09 2.9278135e-09 3.0406119e-09 3.1540949e-09 3.2681155e-09 3.3825266e-09 3.4971820e-09 3.6119362e-09 3.7266452e-09 3.8411669e-09 3.9553612e-09 4.0690907e-09 4.1822207e-09 4.2946197e-09 4.4061598e-09 4.5167166e-09 4.6261698e-09 4.7344030e-09
3.1647122e-10 3.4988865e-10 3.8573245e-10 4.2407217e-10 4.6497108e-10 5.0848560e-10 5.5466493e-10 6.0355061e-10 6.5517623e-10 7.0956707e-10 7.6673995e-10 8.2670297e-10 8.8945545e-10 9.5498783e-10 1.0232817e-09 1.0943097e-09 1.1680358e-09 1.2444155e-09 1.3233956e-09 1.4049149e-09 1.4889042e-09 1.5752868e-09 1.6639787e-09 1.7548890e-09 1.8479204e-09 1.9429695e-09 2.0399274e-09 2.1386801e-09 2.2391088e-09 2.3410907e-09 2.4444993e-09 2.5492049e-09 2.6550753e-09 2.7619760e-09 2.8697708e-09 2.9783223e-09 3.0874925e-09 3.1971429e-09 3.3071353e-09 3.4173321e-09 3.5275966e-09 3.6377935e-09 3.7477892e-09 3.8574522e-09 3.9666535e-09 4.0752667e-09 4.1831683e-09 4.2902382e-09 4.3963597e-09 4.5014197e-09
2.9531916e-10 3.2652194e-10 3.6000331e-10 3.9583107e-10 4.3406736e-10 4.7476816e-10 5.1798289e-10 5.6375403e-10 6.1211677e-10 6.6309871e-10 7.1671965e-10 7.7299138e-10 8.3191755e-10 8.9349358e-10 9.5770659e-10 1.0245355e-09 1.0939509e-09 1.1659155e-09 1.2403838e-09 1.3173027e-09 1.3966116e-09 1.4782426e-09 1.5621208e-09 1.6481647e-09 1.7362865e-09 1.8263927e-09 1.9183840e-09 2.0121563e-09 2.1076008e-09 2.2046045e-09 2.3030506e-09 2.4028191e-09 2.5037873e-09 2.6058299e-09 2.7088199e-09 2.8126286e-09 2.9171264e-09 3.0221833e-09 3.1276689e-09 3.2334529e-09 3.3394060e-09 3.4453994e-09 3.5513061e-09 3.6570003e-09 3.7623587e-09 3.8672598e-09 3.9715849e-09 4.0752180e-09 4.1780463e-09 4.2799600e-09
2.7566166e-10 3.0480480e-10 3.3608804e-10 3.6957732e-10 4.0533351e-10 4.4341193e-10 4.8386195e-10 5.2672664e-10 5.7204241e-10 6.1983876e-10 6.7013799e-10 7.2295503e-10 7.7829730e-10 8.3616454e-10 8.9654885e-10 9.5943458e-10 1.0247984e-09 1.0926094e-09 1.1628292e-09 1.2354119e-09 1.3103048e-09 1.3874479e-09 1.4667748e-09 1.5482125e-09 1.6316822e-09 1.7170993e-09 1.8043736e-09 1.8934103e-09 1.9841096e-09 2.0763679e-09 2.1700775e-09 2.2651276e-09 2.3614042e-09 2.4587910e-09 2.5571695e-09 2.6564195e-09 2.7564196e-09 2.8570475e-09 2.9581805e-09 3.0596956e-09 3.1614702e-09 3.2633824e-09 3.3653112e-09 3.4671368e-09 3.5687412e-09 3.6700080e-09 3.7708233e-09 3.8710753e-09 3.9706551e-09 4.0694563e-09
2.5738680e-10 2.8461383e-10 3.1385115e-10 3.4516279e-10 3.7860819e-10 4.1424185e-10 4.5211286e-10 4.9226458e-10 5.3473434e-10 5.7955311e-10 6.2674528e-10 6.7632844e-10 7.2831324e-10 7.8270325e-10 8.3949490e-10 8.9867741e-10 9.6023283e-10 1.0241361e-09 1.0903550e-09 1.1588504e-09 1.2295766e-09 1.3024811e-09 1.3775049e-09 1.4545833e-09 1.5336454e-09 1.6146148e-09 1.6974100e-09 1.7819446e-09 1.8681275e-09 1.9558636e-09 2.0450538e-09 2.1355959e-09 2.2273844e-09 2.3203113e-09 2.4142662e-09 2.5091369e-09 2.6048099e-09 2.7011703e-09 2.7981027e-09 2.8954912e-09 2.9932200e-09 3.0911734e-09 3.1892365e-09 3.2872954e-09 3.3852374e-09 3.4829511e-09 3.5803273e-09 3.6772585e-09 3.7736396e-09 3.8693680e-09
2.4039158e-10 2.6583544e-10 2.9316791e-10 3.2245104e-10 3.5374278e-10 3.8709663e-10 4.2256120e-10 4.6017992e-10 4.9999072e-10 5.4202571e-10 5.8631098e-10 6.3286637e-10 6.8170531e-10 7.3283468e-10 7.8625470e-10 8.4195893e-10 8.9993419e-10 9.6016061e-10 1.0226117e-09 1.0872544e-09 1.1540492e-09 1.2229505e-09 1.2939063e-09 1.3668591e-09 1.4417455e-09 1.5184969e-09 1.5970396e-09 1.6772949e-09 1.7591800e-09 1.8426077e-09 1.9274871e-09 2.0137239e-09 2.1012205e-09 2.1898768e-09 2.2795902e-09 2.3702562e-09 2.4617685e-09 2.5540196e-09 2.6469011e-09 2.7403036e-09 2.8341180e-09 2.9282349e-09 3.0225451e-09 3.1169405e-09 3.2113134e-09 3.3055578e-09 3.3995689e-09 3.4932434e-09 3.5864805e-09 3.6791809e-09
