Pycode/rasters/q1r (copy).asc
NCOLS 496
NROWS 496
XLLCENTER 79423.54
YLLCENTER 236855.12
CELLSIZE 5
NODATA_VALUE 0
[rows 88 to 109 of 496, columns 50 to 99 of 496]
3.8283398e-09 3.8494053e-09 3.8709957e-09 3.8931220e-09 3.9157952e-09 3.9390267e-09 3.9628280e-09 3.9872107e-09 4.0121869e-09 4.0377688e-09 4.0639686e-09 4.0907990e-09 4.1182730e-09 4.1464035e-09 4.1752040e-09 4.2046880e-09 4.2348694e-09 4.2657622e-09 4.2973809e-09 4.3297401e-09 4.3628546e-09 4.3967396e-09 4.4314105e-09 4.4668831e-09 4.5031733e-09 4.5402973e-09 4.5782718e-09 4.6171135e-09 4.6568396e-09 4.6974674e-09 4.7390147e-09 4.7814994e-09 4.8249397e-09 4.8693543e-09 4.9147618e-09 4.9611815e-09 5.0086327e-09 5.0571351e-09 5.1067086e-09 5.1573735e-09 5.2091500e-09 5.2620591e-09 5.3161216e-09 5.3713587e-09 5.4277919e-09 5.4854427e-09 5.5443332e-09 5.6044852e-09 5.6659210e-09 5.7286630e-09
3.8898680e-09 3.9107503e-09 3.9321595e-09 3.9541065e-09 3.9766026e-09 3.9996594e-09 4.0232884e-09 4.0475017e-09 4.0723114e-09 4.0977298e-09 4.1237696e-09 4.1504437e-09 4.1777650e-09 4.2057470e-09 4.2344031e-09 4.2637474e-09 4.2937937e-09 4.3245565e-09 4.3560505e-09 4.3882904e-09 4.4212915e-09 4.4550691e-09 4.4896390e-09 4.5250172e-09 4.5612200e-09 4.5982638e-09 4.6361657e-09 4.6749427e-09 4.7146123e-09 4.7551922e-09 4.7967004e-09 4.8391553e-09 4.8825755e-09 4.9269799e-09 4.9723877e-09 5.0188185e-09 5.0662919e-09 5.1148283e-09 5.1644478e-09 5.2151711e-09 5.2670192e-09 5.3200132e-09 5.3741746e-09 5.4295250e-09 5.4860865e-09 5.5438812e-09 5.6029315e-09 5.6632600e-09 5.7248896e-09 5.7878431e-09
3.9537299e-09 3.9744222e-09 3.9956429e-09 4.0174030e-09 4.0397142e-09 4.0625881e-09 4.0860366e-09 4.1100719e-09 4.1347062e-09 4.1599522e-09 4.1858227e-09 4.2123307e-09 4.2394897e-09 4.2673130e-09 4.2958147e-09 4.3250086e-09 4.3549093e-09 4.3855312e-09 4.4168892e-09 4.4489986e-09 4.4818747e-09 4.5155333e-09 4.5499903e-09 4.5852620e-09 4.6213651e-09 4.6583164e-09 4.6961331e-09 4.7348326e-09 4.7744328e-09 4.8149517e-09 4.8564078e-09 4.8988196e-09 4.9422062e-09 4.9865870e-09 5.0319815e-09 5.0784096e-09 5.1258916e-09 5.1744480e-09 5.2240995e-09 5.2748674e-09 5.3267729e-09 5.3798378e-09 5.4340840e-09 5.4895337e-09 5.5462094e-09 5.6041338e-09 5.6633298e-09 5.7238208e-09 5.7856299e-09 5.8487809e-09
4.0200241e-09 4.0405196e-09 4.0615447e-09 4.0831108e-09 4.1052295e-09 4.1279128e-09 4.1511727e-09 4.1750215e-09 4.1994719e-09 4.2245365e-09 4.2502286e-09 4.2765613e-09 4.3035481e-09 4.3312030e-09 4.3595399e-09 4.3885732e-09 4.4183175e-09 4.4487876e-09 4.4799987e-09 4.5119662e-09 4.5447058e-09 4.5782336e-09 4.6125657e-09 4.6477189e-09 4.6837099e-09 4.7205561e-09 4.7582749e-09 4.7968840e-09 4.8364018e-09 4.8768465e-09 4.9182369e-09 4.9605921e-09 5.0039315e-09 5.0482748e-09 5.0936420e-09 5.1400534e-09 5.1875297e-09 5.2360919e-09 5.2857611e-09 5.3365591e-09 5.3885076e-09 5.4416288e-09 5.4959452e-09 5.5514795e-09 5.6082547e-09 5.6662941e-09 5.7256213e-09 5.7862599e-09 5.8482341e-09 5.9115680e-09
4.0888521e-09 4.1091446e-09 4.1299676e-09 4.1513327e-09 4.1732517e-09 4.1957369e-09 4.2188003e-09 4.2424547e-09 4.2667127e-09 4.2915874e-09 4.3170921e-09 4.3432402e-09 4.3700455e-09 4.3975222e-09 4.4256844e-09 4.4545468e-09 4.4841242e-09 4.5144317e-09 4.5454848e-09 4.5772991e-09 4.6098907e-09 4.6432758e-09 4.6774711e-09 4.7124935e-09 4.7483601e-09 4.7850884e-09 4.8226964e-09 4.8612022e-09 4.9006242e-09 4.9409812e-09 4.9822925e-09 5.0245773e-09 5.0678555e-09 5.1121472e-09 5.1574729e-09 5.2038532e-09 5.2513094e-09 5.2998627e-09 5.3495349e-09 5.4003480e-09 5.4523246e-09 5.5054871e-09 5.5598585e-09 5.6154623e-09 5.6723218e-09 5.7304611e-09 5.7899041e-09 5.8506752e-09 5.9127991e-09 5.9763007e-09
4.1603191e-09 4.1804026e-09 4.2010173e-09 4.2221749e-09 4.2438876e-09 4.2661674e-09 4.2890271e-09 4.3124792e-09 4.3365369e-09 4.3612133e-09 4.3865219e-09 4.4124765e-09 4.4390911e-09 4.4663799e-09 4.4943576e-09 4.5230390e-09 4.5524391e-09 4.5825734e-09 4.6134575e-09 4.6451075e-09 4.6775396e-09 4.7107704e-09 4.7448169e-09 4.7796962e-09 4.8154258e-09 4.8520237e-09 4.8895080e-09 4.9278972e-09 4.9672101e-09 5.0074659e-09 5.0486841e-09 5.0908846e-09 5.1340874e-09 5.1783132e-09 5.2235828e-09 5.2699174e-09 5.3173385e-09 5.3658679e-09 5.4155280e-09 5.4663412e-09 5.5183303e-09 5.5715187e-09 5.6259297e-09 5.6815873e-09 5.7385155e-09 5.7967387e-09 5.8562817e-09 5.9171695e-09 5.9794273e-09 6.0430807e-09
4.2345335e-09 4.2544028e-09 4.2748035e-09 4.2957476e-09 4.3172474e-09 4.3393154e-09 4.3619642e-09 4.3852068e-09 4.4090564e-09 4.4335265e-09 4.4586308e-09 4.4843833e-09 4.5107982e-09 4.5378900e-09 4.5656736e-09 4.5941640e-09 4.6233767e-09 4.6533272e-09 4.6840316e-09 4.7155061e-09 4.7477674e-09 4.7808323e-09 4.8147180e-09 4.8494420e-09 4.8850223e-09 4.9214770e-09 4.9588246e-09 4.9970839e-09 5.0362743e-09 5.0764152e-09 5.1175265e-09 5.1596284e-09 5.2027416e-09 5.2468869e-09 5.2920857e-09 5.3383595e-09 5.3857304e-09 5.4342208e-09 5.4838532e-09 5.5346508e-09 5.5866368e-09 5.6398351e-09 5.6942697e-09 5.7499650e-09 5.8069456e-09 5.8652366e-09 5.9248633e-09 5.9858513e-09 6.0482265e-09 6.1120152e-09
4.3116074e-09 4.3312577e-09 4.3514393e-09 4.3721644e-09 4.3934456e-09 4.4152955e-09 4.4377269e-09 4.4607531e-09 4.4843875e-09 4.5086437e-09 4.5335357e-09 4.5590778e-09 4.5852844e-09 4.6121702e-09 4.6397505e-09 4.6680404e-09 4.6970557e-09 4.7268122e-09 4.7573264e-09 4.7886146e-09 4.8206938e-09 4.8535812e-09 4.8872944e-09 4.9218511e-09 4.9572696e-09 4.9935684e-09 5.0307663e-09 5.0688827e-09 5.1079370e-09 5.1479491e-09 5.1889395e-09 5.2309286e-09 5.2739376e-09 5.3179877e-09 5.3631007e-09 5.4092986e-09 5.4566040e-09 5.5050396e-09 5.5546287e-09 5.6053947e-09 5.6573615e-09 5.7105535e-09 5.7649953e-09 5.8207117e-09 5.8777280e-09 5.9360700e-09 5.9957635e-09 6.0568348e-09 6.1193105e-09 6.1832173e-09
4.3916563e-09 4.4110834e-09 4.4310414e-09 4.4515427e-09 4.4726000e-09 4.4942262e-09 4.5164343e-09 4.5392377e-09 4.5626501e-09 4.5866854e-09 4.6113577e-09 4.6366816e-09 4.6626717e-09 4.6893431e-09 4.7167111e-09 4.7447912e-09 4.7735995e-09 4.8031522e-09 4.8334657e-09 4.8645570e-09 4.8964433e-09 4.9291419e-09 4.9626709e-09 4.9970483e-09 5.0322928e-09 5.0684231e-09 5.1054585e-09 5.1434186e-09 5.1823234e-09 5.2221931e-09 5.2630485e-09 5.3049105e-09 5.3478006e-09 5.3917406e-09 5.4367527e-09 5.4828594e-09 5.5300836e-09 5.5784487e-09 5.6279784e-09 5.6786966e-09 5.7306278e-09 5.7837969e-09 5.8382290e-09 5.8939496e-09 5.9509846e-09 6.0093603e-09 6.0691032e-09 6.1302403e-09 6.1927987e-09 6.2568062e-09
4.4747993e-09 4.4939997e-09 4.5137303e-09 4.5340036e-09 4.5548325e-09 4.5762300e-09 4.5982093e-09 4.6207843e-09 4.6439686e-09 4.6677764e-09 4.6922221e-09 4.7173205e-09 4.7430865e-09 4.7695353e-09 4.7966826e-09 4.8245442e-09 4.8531364e-09 4.8824756e-09 4.9125786e-09 4.9434627e-09 4.9751452e-09 5.0076441e-09 5.0409775e-09 5.0751639e-09 5.1102222e-09 5.1461717e-09 5.1830318e-09 5.2208226e-09 5.2595644e-09 5.2992779e-09 5.3399842e-09 5.3817048e-09 5.4244615e-09 5.4682765e-09 5.5131724e-09 5.5591724e-09 5.6062997e-09 5.6545783e-09 5.7040322e-09 5.7546862e-09 5.8065650e-09 5.8596942e-09 5.9140995e-09 5.9698070e-09 6.0268431e-09 6.0852349e-09 6.1450094e-09 6.2061943e-09 6.2688174e-09 6.3329072e-09
4.5611589e-09 4.5801301e-09 4.5996303e-09 4.6196721e-09 4.6402687e-09 4.6614332e-09 4.6831793e-09 4.7055206e-09 4.7284713e-09 4.7520458e-09 4.7762587e-09 4.8011249e-09 4.8266596e-09 4.8528783e-09 4.8797970e-09 4.9074318e-09 4.9357990e-09 4.9649156e-09 4.9947986e-09 5.0254656e-09 5.0569342e-09 5.0892226e-09 5.1223494e-09 5.1563333e-09 5.1911937e-09 5.2269500e-09 5.2636223e-09 5.3012309e-09 5.3397965e-09 5.3793402e-09 5.4198835e-09 5.4614483e-09 5.5040569e-09 5.5477319e-09 5.5924965e-09 5.6383741e-09 5.6853887e-09 5.7335646e-09 5.7829264e-09 5.8334994e-09 5.8853089e-09 5.9383811e-09 5.9927421e-09 6.0484187e-09 6.1054381e-09 6.1638278e-09 6.2236156e-09 6.2848299e-09 6.3474992e-09 6.4116525e-09
4.6508613e-09 4.6696016e-09 4.6888691e-09 4.7086769e-09 4.7290382e-09 4.7499664e-09 4.7714752e-09 4.7935786e-09 4.8162911e-09 4.8396270e-09 4.8636014e-09 4.8882293e-09 4.9135263e-09 4.9395082e-09 4.9661910e-09 4.9935911e-09 5.0217253e-09 5.0506107e-09 5.0802647e-09 5.1107050e-09 5.1419498e-09 5.1740175e-09 5.2069270e-09 5.2406974e-09 5.2753483e-09 5.3108997e-09 5.3473718e-09 5.3847855e-09 5.4231618e-09 5.4625223e-09 5.5028887e-09 5.5442836e-09 5.5867295e-09 5.6302497e-09 5.6748677e-09 5.7206074e-09 5.7674934e-09 5.8155503e-09 5.8648035e-09 5.9152786e-09 5.9670017e-09 6.0199993e-09 6.0742984e-09 6.1299263e-09 6.1869107e-09 6.2452799e-09 6.3050624e-09 6.3662871e-09 6.4289834e-09 6.4931811e-09
4.7440362e-09 4.7625448e-09 4.7815785e-09 4.8011506e-09 4.8212744e-09 4.8419637e-09 4.8632323e-09 4.8850944e-09 4.9075646e-09 4.9306577e-09 4.9543888e-09 4.9787732e-09 5.0038268e-09 5.0295655e-09 5.0560058e-09 5.0831642e-09 5.1110578e-09 5.1397041e-09 5.1691206e-09 5.1993254e-09 5.2303371e-09 5.2621743e-09 5.2948563e-09 5.3284025e-09 5.3628329e-09 5.3981678e-09 5.4344279e-09 5.4716343e-09 5.5098086e-09 5.5489726e-09 5.5891486e-09 5.6303595e-09 5.6726285e-09 5.7159790e-09 5.7604352e-09 5.8060215e-09 5.8527629e-09 5.9006847e-09 5.9498126e-09 6.0001729e-09 6.0517923e-09 6.1046978e-09 6.1589171e-09 6.2144780e-09 6.2714090e-09 6.3297389e-09 6.3894970e-09 6.4507130e-09 6.5134168e-09 6.5776391e-09
4.8408170e-09 4.8590940e-09 4.8778938e-09 4.8972295e-09 4.9171148e-09 4.9375636e-09 4.9585899e-09 4.9802082e-09 5.0024332e-09 5.0252799e-09 5.0487638e-09 5.0729004e-09 5.0977056e-09 5.1231959e-09 5.1493877e-09 5.1762981e-09 5.2039444e-09 5.2323441e-09 5.2615154e-09 5.2914766e-09 5.3222464e-09 5.3538440e-09 5.3862888e-09 5.4196007e-09 5.4538000e-09 5.4889074e-09 5.5249440e-09 5.5619312e-09 5.5998910e-09 5.6388457e-09 5.6788180e-09 5.7198313e-09 5.7619090e-09 5.8050754e-09 5.8493548e-09 5.8947723e-09 5.9413533e-09 5.9891237e-09 6.0381098e-09 6.0883384e-09 6.1398367e-09 6.1926325e-09 6.2467539e-09 6.3022295e-09 6.3590883e-09 6.4173600e-09 6.4770744e-09 6.5382620e-09 6.6009536e-09 6.6651804e-09
4.9413404e-09 4.9593874e-09 4.9779541e-09 4.9970539e-09 5.0167007e-09 5.0369084e-09 5.0576915e-09 5.0790644e-09 5.1010423e-09 5.1236402e-09 5.1468739e-09 5.1707591e-09 5.1953121e-09 5.2205494e-09 5.2464879e-09 5.2731448e-09 5.3005377e-09 5.3286846e-09 5.3576037e-09 5.3873137e-09 5.4178337e-09 5.4491831e-09 5.4813817e-09 5.5144498e-09 5.5484081e-09 5.5832775e-09 5.6190795e-09 5.6558361e-09 5.6935695e-09 5.7323025e-09 5.7720582e-09 5.8128605e-09 5.8547332e-09 5.8977011e-09 5.9417890e-09 5.9870225e-09 6.0334275e-09 6.0810305e-09 6.1298583e-09 6.1799382e-09 6.2312982e-09 6.2839665e-09 6.3379719e-09 6.3933437e-09 6.4501116e-09 6.5083058e-09 6.5679571e-09 6.6290965e-09 6.6917555e-09 6.7559664e-09
5.0457468e-09 5.0635664e-09 5.0819022e-09 5.1007678e-09 5.1201772e-09 5.1401446e-09 5.1606846e-09 5.1818119e-09 5.2035417e-09 5.2258895e-09 5.2488711e-09 5.2725025e-09 5.2968003e-09 5.3217812e-09 5.3474624e-09 5.3738613e-09 5.4009958e-09 5.4288842e-09 5.4575450e-09 5.4869972e-09 5.5172602e-09 5.5483537e-09 5.5802980e-09 5.6131136e-09 5.6468215e-09 5.6814431e-09 5.7170002e-09 5.7535153e-09 5.7910109e-09 5.8295103e-09 5.8690371e-09 5.9096154e-09 5.9512698e-09 5.9940252e-09 6.0379072e-09 6.0829418e-09 6.1291555e-09 6.1765752e-09 6.2252283e-09 6.2751429e-09 6.3263473e-09 6.3788705e-09 6.4327419e-09 6.4879914e-09 6.5446494e-09 6.6027470e-09 6.6623153e-09 6.7233864e-09 6.7859926e-09 6.8501667e-09
5.1541800e-09 5.1717762e-09 5.1898846e-09 5.2085191e-09 5.2276936e-09 5.2474226e-09 5.2677209e-09 5.2886034e-09 5.3100856e-09 5.3321831e-09 5.3549119e-09 5.3782884e-09 5.4023292e-09 5.4270513e-09 5.4524723e-09 5.4786097e-09 5.5054819e-09 5.5331072e-09 5.5615045e-09 5.5906933e-09 5.6206930e-09 5.6515239e-09 5.6832065e-09 5.7157616e-09 5.7492106e-09 5.7835754e-09 5.8188781e-09 5.8551415e-09 5.8923887e-09 5.9306432e-09 5.9699292e-09 6.0102712e-09 6.0516943e-09 6.0942239e-09 6.1378861e-09 6.1827073e-09 6.2287146e-09 6.2759355e-09 6.3243980e-09 6.3741307e-09 6.4251625e-09 6.4775230e-09 6.5312424e-09 6.5863512e-09 6.6428805e-09 6.7008620e-09 6.7603278e-09 6.8213104e-09 6.8838432e-09 6.9479596e-09
5.2667872e-09 5.2841656e-09 5.3020516e-09 5.3204592e-09 5.3394027e-09 5.3588967e-09 5.3789562e-09 5.3995962e-09 5.4208325e-09 5.4426808e-09 5.4651574e-09 5.4882789e-09 5.5120622e-09 5.5365245e-09 5.5616836e-09 5.5875573e-09 5.6141642e-09 5.6415231e-09 5.6696530e-09 5.6985736e-09 5.7283050e-09 5.7588675e-09 5.7902819e-09 5.8225696e-09 5.8557522e-09 5.8898520e-09 5.9248915e-09 5.9608939e-09 5.9978827e-09 6.0358818e-09 6.0749160e-09 6.1150100e-09 6.1561895e-09 6.1984805e-09 6.2419094e-09 6.2865033e-09 6.3322897e-09 6.3792967e-09 6.4275529e-09 6.4770875e-09 6.5279300e-09 6.5801107e-09 6.6336603e-09 6.6886101e-09 6.7449919e-09 6.8028381e-09 6.8621815e-09 6.9230555e-09 6.9854941e-09 7.0495318e-09
5.3837192e-09 5.4008866e-09 5.4185567e-09 5.4367435e-09 5.4554614e-09 5.4747253e-09 5.4945502e-09 5.5149515e-09 5.5359450e-09 5.5575468e-09 5.5797733e-09 5.6026412e-09 5.6261678e-09 5.6503705e-09 5.6752673e-09 5.7008764e-09 5.7272165e-09 5.7543067e-09 5.7821665e-09 5.8108156e-09 5.8402745e-09 5.8705639e-09 5.9017050e-09 5.9337194e-09 5.9666291e-09 6.0004567e-09 6.0352253e-09 6.0709583e-09 6.1076796e-09 6.1454138e-09 6.1841858e-09 6.2240210e-09 6.2649454e-09 6.3069856e-09 6.3501685e-09 6.3945217e-09 6.4400733e-09 6.4868519e-09 6.5348867e-09 6.5842074e-09 6.6348443e-09 6.6868283e-09 6.7401907e-09 6.7949635e-09 6.8511792e-09 6.9088709e-09 6.9680723e-09 7.0288176e-09 7.0911414e-09 7.1550792e-09
5.5051298e-09 5.5220951e-09 5.5395573e-09 5.5575309e-09 5.5760303e-09 5.5950706e-09 5.6146669e-09 5.6348348e-09 5.6555903e-09 5.6769497e-09 5.6989295e-09 5.7215469e-09 5.7448192e-09 5.7687640e-09 5.7933997e-09 5.8187446e-09 5.8448178e-09 5.8716385e-09 5.8992266e-09 5.9276022e-09 5.9567860e-09 5.9867989e-09 6.0176626e-09 6.0493990e-09 6.0820305e-09 6.1155800e-09 6.1500710e-09 6.1855272e-09 6.2219732e-09 6.2594337e-09 6.2979342e-09 6.3375006e-09 6.3781594e-09 6.4199375e-09 6.4628624e-09 6.5069623e-09 6.5522659e-09 6.5988022e-09 6.6466010e-09 6.6956927e-09 6.7461082e-09 6.7978790e-09 6.8510372e-09 6.9056154e-09 6.9616468e-09 7.0191653e-09 7.0782053e-09 7.1388018e-09 7.2009903e-09 7.2648071e-09
5.6311761e-09 5.6479497e-09 5.6652142e-09 5.6829840e-09 5.7012737e-09 5.7200985e-09 5.7394739e-09 5.7594155e-09 5.7799395e-09 5.8010623e-09 5.8228008e-09 5.8451722e-09 5.8681941e-09 5.8918845e-09 5.9162617e-09 5.9413445e-09 5.9671521e-09 5.9937042e-09 6.0210207e-09 6.0491222e-09 6.0780295e-09 6.1077640e-09 6.1383477e-09 6.1698027e-09 6.2021520e-09 6.2354187e-09 6.2696266e-09 6.3048000e-09 6.3409638e-09 6.3781432e-09 6.4163640e-09 6.4556527e-09 6.4960362e-09 6.5375419e-09 6.5801979e-09 6.6240329e-09 6.6690759e-09 6.7153568e-09 6.7629059e-09 6.8117542e-09 6.8619332e-09 6.9134751e-09 6.9664125e-09 7.0207789e-09 7.0766082e-09 7.1339351e-09 7.1927946e-09 7.2532227e-09 7.3152556e-09 7.3789305e-09
5.7620185e-09 5.7786129e-09 5.7956915e-09 5.8132687e-09 5.8313595e-09 5.8499791e-09 5.8691430e-09 5.8888672e-09 5.9091680e-09 5.9300619e-09 5.9515661e-09 5.9736980e-09 5.9964753e-09 6.0199163e-09 6.0440395e-09 6.0688639e-09 6.0944091e-09 6.1206949e-09 6.1477415e-09 6.1755698e-09 6.2042010e-09 6.2336568e-09 6.2639593e-09 6.2951312e-09 6.3271956e-09 6.3601762e-09 6.3940971e-09 6.4289830e-09 6.4648591e-09 6.5017511e-09 6.5396853e-09 6.5786886e-09 6.6187883e-09 6.6600125e-09 6.7023897e-09 6.7459490e-09 6.7907202e-09 6.8367336e-09 6.8840201e-09 6.9326113e-09 6.9825395e-09 7.0338373e-09 7.0865383e-09 7.1406764e-09 7.1962865e-09 7.2534038e-09 7.3120643e-09 7.3723046e-09 7.4341620e-09 7.4976744e-09
