Pycode/rasters/q1r (copy).asc
NCOLS 496
NROWS 496
XLLCENTER 79423.54
YLLCENTER 236855.12
CELLSIZE 5
NODATA_VALUE 0
[rows 66 to 87 of 496, columns 0 to 49 of 496]
1.4873612e-09 2.1046335e-09 2.1999426e-09 2.2084205e-09 2.2170990e-09 2.2259818e-09 2.2350722e-09 2.2443737e-09 2.2538900e-09 2.2636247e-09 2.2735814e-09 2.2837640e-09 2.2941762e-09 2.3048220e-09 2.3157051e-09 2.3268296e-09 2.3381996e-09 2.3498191e-09 2.3616923e-09 2.3738235e-09 2.3862170e-09 2.3988771e-09 2.4118084e-09 2.4250152e-09 2.4385023e-09 2.4522742e-09 2.4663359e-09 2.4806919e-09 2.4953474e-09 2.5103073e-09 2.5255767e-09 2.5411607e-09 2.5570647e-09 2.5732940e-09 2.5898539e-09 2.6067502e-09 2.6239885e-09 2.6415744e-09 2.6595139e-09 2.6778129e-09 2.6964774e-09 2.7155138e-09 2.7349282e-09 2.7547271e-09 2.7749170e-09 2.7955046e-09 2.8164965e-09 2.8378999e-09 2.8597215e-09 2.8819687e-09
1.5098898e-09 2.1363711e-09 2.2328970e-09 2.2412598e-09 2.2498238e-09 2.2585923e-09 2.2675691e-09 2.2767575e-09 2.2861614e-09 2.2957843e-09 2.3056301e-09 2.3157026e-09 2.3260056e-09 2.3365430e-09 2.3473189e-09 2.3583372e-09 2.3696021e-09 2.3811178e-09 2.3928885e-09 2.4049185e-09 2.4172122e-09 2.4297741e-09 2.4426086e-09 2.4557204e-09 2.4691142e-09 2.4827946e-09 2.4967665e-09 2.5110348e-09 2.5256046e-09 2.5404808e-09 2.5556687e-09 2.5711735e-09 2.5870006e-09 2.6031554e-09 2.6196434e-09 2.6364703e-09 2.6536418e-09 2.6711637e-09 2.6890421e-09 2.7072828e-09 2.7258922e-09 2.7448765e-09 2.7642420e-09 2.7839953e-09 2.8041429e-09 2.8246918e-09 2.8456486e-09 2.8670204e-09 2.8888144e-09 2.9110377e-09
1.5331978e-09 2.1692072e-09 2.2669928e-09 2.2752372e-09 2.2836831e-09 2.2923340e-09 2.3011935e-09 2.3102652e-09 2.3195528e-09 2.3290602e-09 2.3387910e-09 2.3487493e-09 2.3589388e-09 2.3693637e-09 2.3800279e-09 2.3909356e-09 2.4020909e-09 2.4134981e-09 2.4251616e-09 2.4370856e-09 2.4492747e-09 2.4617333e-09 2.4744661e-09 2.4874777e-09 2.5007729e-09 2.5143564e-09 2.5282333e-09 2.5424084e-09 2.5568870e-09 2.5716740e-09 2.5867748e-09 2.6021947e-09 2.6179391e-09 2.6340136e-09 2.6504237e-09 2.6671753e-09 2.6842741e-09 2.7017260e-09 2.7195371e-09 2.7377136e-09 2.7562616e-09 2.7751876e-09 2.7944979e-09 2.8141993e-09 2.8342985e-09 2.8548022e-09 2.8757175e-09 2.8970515e-09 2.9188114e-09 2.9410045e-09
1.5573138e-09 2.2031822e-09 2.3022721e-09 2.3103950e-09 2.3187196e-09 2.3272494e-09 2.3359882e-09 2.3449395e-09 2.3541072e-09 2.3634952e-09 2.3731072e-09 2.3829472e-09 2.3930192e-09 2.4033273e-09 2.4138756e-09 2.4246682e-09 2.4357095e-09 2.4470037e-09 2.4585552e-09 2.4703684e-09 2.4824480e-09 2.4947984e-09 2.5074244e-09 2.5203307e-09 2.5335221e-09 2.5470035e-09 2.5607799e-09 2.5748564e-09 2.5892382e-09 2.6039304e-09 2.6189384e-09 2.6342676e-09 2.6499236e-09 2.6659119e-09 2.6822383e-09 2.6989085e-09 2.7159285e-09 2.7333043e-09 2.7510420e-09 2.7691479e-09 2.7876282e-09 2.8064896e-09 2.8257385e-09 2.8453816e-09 2.8654257e-09 2.8858779e-09 2.9067452e-09 2.9280348e-09 2.9497539e-09 2.9719102e-09
1.5822672e-09 2.2383378e-09 2.3387785e-09 2.3467769e-09 2.3549770e-09 2.3633825e-09 2.3719971e-09 2.3808247e-09 2.3898689e-09 2.3991337e-09 2.4086230e-09 2.4183409e-09 2.4282914e-09 2.4384786e-09 2.4489067e-09 2.4595800e-09 2.4705027e-09 2.4816794e-09 2.4931143e-09 2.5048120e-09 2.5167773e-09 2.5290146e-09 2.5415287e-09 2.5543246e-09 2.5674070e-09 2.5807810e-09 2.5944517e-09 2.6084241e-09 2.6227035e-09 2.6372952e-09 2.6522047e-09 2.6674375e-09 2.6829991e-09 2.6988953e-09 2.7151319e-09 2.7317147e-09 2.7486497e-09 2.7659432e-09 2.7836012e-09 2.8016302e-09 2.8200366e-09 2.8388268e-09 2.8580077e-09 2.8775860e-09 2.8975686e-09 2.9179626e-09 2.9387752e-09 2.9600136e-09 2.9816854e-09 3.0037980e-09
1.6080882e-09 2.2747167e-09 2.3765566e-09 2.3844276e-09 2.3925003e-09 2.4007784e-09 2.4092657e-09 2.4179661e-09 2.4268834e-09 2.4360215e-09 2.4453845e-09 2.4549765e-09 2.4648015e-09 2.4748638e-09 2.4851677e-09 2.4957173e-09 2.5065172e-09 2.5175718e-09 2.5288856e-09 2.5404632e-09 2.5523093e-09 2.5644286e-09 2.5768260e-09 2.5895063e-09 2.6024746e-09 2.6157359e-09 2.6292953e-09 2.6431582e-09 2.6573297e-09 2.6718153e-09 2.6866206e-09 2.7017511e-09 2.7172125e-09 2.7330106e-09 2.7491513e-09 2.7656405e-09 2.7824845e-09 2.7996893e-09 2.8172613e-09 2.8352069e-09 2.8535328e-09 2.8722454e-09 2.8913517e-09 2.9108585e-09 2.9307729e-09 2.9511019e-09 2.9718530e-09 2.9930335e-09 3.0146509e-09 3.0367130e-09
1.6348079e-09 2.3123629e-09 2.4156526e-09 2.4233935e-09 2.4313359e-09 2.4394837e-09 2.4478407e-09 2.4564107e-09 2.4651977e-09 2.4742058e-09 2.4834389e-09 2.4929013e-09 2.5025971e-09 2.5125306e-09 2.5227061e-09 2.5331281e-09 2.5438008e-09 2.5547290e-09 2.5659172e-09 2.5773700e-09 2.5890923e-09 2.6010888e-09 2.6133645e-09 2.6259243e-09 2.6387733e-09 2.6519166e-09 2.6653596e-09 2.6791074e-09 2.6931655e-09 2.7075394e-09 2.7222347e-09 2.7372571e-09 2.7526123e-09 2.7683063e-09 2.7843450e-09 2.8007345e-09 2.8174811e-09 2.8345909e-09 2.8520705e-09 2.8699263e-09 2.8881651e-09 2.9067935e-09 2.9258185e-09 2.9452470e-09 2.9650863e-09 2.9853435e-09 3.0060261e-09 3.0271416e-09 3.0486977e-09 3.0707022e-09
1.6624582e-09 2.3513216e-09 2.4561135e-09 2.4637218e-09 2.4715315e-09 2.4795462e-09 2.4877699e-09 2.4962066e-09 2.5048603e-09 2.5137350e-09 2.5228349e-09 2.5321642e-09 2.5417272e-09 2.5515281e-09 2.5615715e-09 2.5718616e-09 2.5824032e-09 2.5932007e-09 2.6042589e-09 2.6155825e-09 2.6271763e-09 2.6390453e-09 2.6511944e-09 2.6636287e-09 2.6763534e-09 2.6893736e-09 2.7026947e-09 2.7163221e-09 2.7302612e-09 2.7445178e-09 2.7590974e-09 2.7740059e-09 2.7892490e-09 2.8048329e-09 2.8207635e-09 2.8370471e-09 2.8536899e-09 2.8706984e-09 2.8880790e-09 2.9058385e-09 2.9239835e-09 2.9425210e-09 2.9614579e-09 2.9808013e-09 3.0005585e-09 3.0207369e-09 3.0413440e-09 3.0623874e-09 3.0838750e-09 3.1058147e-09
1.6910719e-09 2.3916392e-09 2.4979880e-09 2.5054615e-09 2.5131359e-09 2.5210150e-09 2.5291028e-09 2.5374034e-09 2.5459208e-09 2.5546591e-09 2.5636226e-09 2.5728155e-09 2.5822422e-09 2.5919070e-09 2.6018144e-09 2.6119690e-09 2.6223753e-09 2.6330381e-09 2.6439620e-09 2.6551520e-09 2.6666129e-09 2.6783497e-09 2.6903675e-09 2.7026715e-09 2.7152668e-09 2.7281587e-09 2.7413528e-09 2.7548544e-09 2.7686692e-09 2.7828028e-09 2.7972610e-09 2.8120497e-09 2.8271749e-09 2.8426426e-09 2.8584590e-09 2.8746304e-09 2.8911632e-09 2.9080639e-09 2.9253392e-09 2.9429957e-09 2.9610403e-09 2.9794800e-09 2.9983219e-09 3.0175733e-09 3.0372414e-09 3.0573339e-09 3.0778583e-09 3.0988224e-09 3.1202342e-09 3.1421016e-09
1.7206825e-09 2.4333631e-09 2.5413257e-09 2.5486624e-09 2.5561994e-09 2.5639407e-09 2.5718902e-09 2.5800521e-09 2.5884305e-09 2.5970296e-09 2.6058537e-09 2.6149070e-09 2.6241941e-09 2.6337194e-09 2.6434873e-09 2.6535026e-09 2.6637699e-09 2.6742939e-09 2.6850796e-09 2.6961317e-09 2.7074553e-09 2.7190555e-09 2.7309374e-09 2.7431062e-09 2.7555672e-09 2.7683259e-09 2.7813878e-09 2.7947584e-09 2.8084433e-09 2.8224485e-09 2.8367797e-09 2.8514429e-09 2.8664442e-09 2.8817898e-09 2.8974859e-09 2.9135389e-09 2.9299554e-09 2.9467419e-09 2.9639051e-09 2.9814520e-09 2.9993895e-09 3.0177246e-09 3.0364647e-09 3.0556170e-09 3.0751890e-09 3.0951883e-09 3.1156228e-09 3.1365002e-09 3.1578287e-09 3.1796164e-09
1.7513245e-09 2.4765422e-09 2.5861777e-09 2.5933759e-09 2.6007736e-09 2.6083750e-09 2.6161841e-09 2.6242050e-09 2.6324419e-09 2.6408992e-09 2.6495811e-09 2.6584920e-09 2.6676365e-09 2.6770190e-09 2.6866441e-09 2.6965166e-09 2.7066413e-09 2.7170228e-09 2.7276662e-09 2.7385764e-09 2.7497586e-09 2.7612177e-09 2.7729592e-09 2.7849882e-09 2.7973103e-09 2.8099308e-09 2.8228554e-09 2.8360898e-09 2.8496397e-09 2.8635109e-09 2.8777095e-09 2.8922416e-09 2.9071132e-09 2.9223307e-09 2.9379004e-09 2.9538289e-09 2.9701227e-09 2.9867885e-09 3.0038333e-09 3.0212639e-09 3.0390875e-09 3.0573112e-09 3.0759424e-09 3.0949885e-09 3.1144572e-09 3.1343562e-09 3.1546934e-09 3.1754767e-09 3.1967145e-09 3.2184149e-09
1.7830331e-09 2.5212264e-09 2.6325964e-09 2.6396546e-09 2.6469115e-09 2.6543713e-09 2.6620380e-09 2.6699158e-09 2.6780091e-09 2.6863222e-09 2.6948594e-09 2.7036253e-09 2.7126243e-09 2.7218611e-09 2.7313403e-09 2.7410668e-09 2.7510453e-09 2.7612808e-09 2.7717783e-09 2.7825427e-09 2.7935793e-09 2.8048933e-09 2.8164900e-09 2.8283748e-09 2.8405532e-09 2.8530308e-09 2.8658133e-09 2.8789064e-09 2.8923160e-09 2.9060480e-09 2.9201086e-09 2.9345038e-09 2.9492400e-09 2.9643236e-09 2.9797609e-09 2.9955586e-09 3.0117235e-09 3.0282624e-09 3.0451821e-09 3.0624898e-09 3.0801928e-09 3.0982982e-09 3.1168135e-09 3.1357464e-09 3.1551046e-09 3.1748959e-09 3.1951284e-09 3.2158101e-09 3.2369495e-09 3.2585549e-09
1.8158443e-09 2.5674668e-09 2.6806353e-09 2.6875524e-09 2.6946672e-09 2.7019840e-09 2.7095067e-09 2.7172398e-09 2.7251876e-09 2.7333544e-09 2.7417447e-09 2.7503631e-09 2.7592141e-09 2.7683025e-09 2.7776330e-09 2.7872104e-09 2.7970397e-09 2.8071258e-09 2.8174737e-09 2.8280887e-09 2.8389760e-09 2.8501408e-09 2.8615887e-09 2.8733250e-09 2.8853553e-09 2.8976854e-09 2.9103210e-09 2.9232679e-09 2.9365322e-09 2.9501198e-09 2.9640369e-09 2.9782899e-09 2.9928850e-09 3.0078288e-09 3.0231278e-09 3.0387888e-09 3.0548185e-09 3.0712240e-09 3.0880123e-09 3.1051905e-09 3.1227660e-09 3.1407463e-09 3.1591388e-09 3.1779514e-09 3.1971918e-09 3.2168681e-09 3.2369884e-09 3.2575610e-09 3.2785943e-09 3.3000969e-09
1.8497953e-09 2.6153159e-09 2.7303493e-09 2.7371245e-09 2.7440964e-09 2.7512690e-09 2.7586466e-09 2.7662335e-09 2.7740341e-09 2.7820529e-09 2.7902944e-09 2.7987633e-09 2.8074641e-09 2.8164017e-09 2.8255808e-09 2.8350065e-09 2.8446835e-09 2.8546171e-09 2.8648124e-09 2.8752745e-09 2.8860089e-09 2.8970208e-09 2.9083159e-09 2.9198996e-09 2.9317777e-09 2.9439558e-09 2.9564399e-09 2.9692360e-09 2.9823500e-09 2.9957881e-09 3.0095566e-09 3.0236619e-09 3.0381105e-09 3.0529088e-09 3.0680637e-09 3.0835820e-09 3.0994705e-09 3.1157363e-09 3.1323867e-09 3.1494289e-09 3.1668703e-09 3.1847186e-09 3.2029813e-09 3.2216665e-09 3.2407819e-09 3.2603359e-09 3.2803365e-09 3.3007923e-09 3.3217119e-09 3.3431038e-09
1.8849236e-09 2.6648271e-09 2.7817944e-09 2.7884275e-09 2.7952558e-09 2.8022836e-09 2.8095151e-09 2.8169548e-09 2.8246071e-09 2.8324765e-09 2.8405676e-09 2.8488852e-09 2.8574339e-09 2.8662186e-09 2.8752441e-09 2.8845155e-09 2.8940378e-09 2.9038161e-09 2.9138557e-09 2.9241618e-09 2.9347399e-09 2.9455955e-09 2.9567341e-09 2.9681614e-09 2.9798832e-09 2.9919052e-09 3.0042335e-09 3.0168741e-09 3.0298332e-09 3.0431170e-09 3.0567319e-09 3.0706844e-09 3.0849810e-09 3.0996284e-09 3.1146335e-09 3.1300031e-09 3.1457444e-09 3.1618644e-09 3.1783706e-09 3.1952702e-09 3.2125709e-09 3.2302804e-09 3.2484065e-09 3.2669572e-09 3.2859405e-09 3.3053647e-09 3.3252382e-09 3.3455697e-09 3.3663677e-09 3.3876412e-09
1.9212678e-09 2.7160551e-09 2.8350281e-09 2.8415191e-09 2.8482037e-09 2.8550863e-09 2.8621713e-09 2.8694630e-09 2.8769662e-09 2.8846852e-09 2.8926248e-09 2.9007897e-09 2.9091847e-09 2.9178147e-09 2.9266847e-09 2.9357998e-09 2.9451650e-09 2.9547855e-09 2.9646668e-09 2.9748141e-09 2.9852330e-09 2.9959290e-09 3.0069078e-09 3.0181751e-09 3.0297368e-09 3.0415988e-09 3.0537672e-09 3.0662481e-09 3.0790478e-09 3.0921726e-09 3.1056291e-09 3.1194237e-09 3.1335631e-09 3.1480543e-09 3.1629040e-09 3.1781193e-09 3.1937075e-09 3.2096757e-09 3.2260314e-09 3.2427822e-09 3.2599357e-09 3.2774998e-09 3.2954823e-09 3.3138914e-09 3.3327354e-09 3.3520226e-09 3.3717616e-09 3.3919611e-09 3.4126299e-09 3.4337770e-09
1.9588674e-09 2.7690558e-09 2.8901090e-09 2.8964582e-09 2.9029995e-09 2.9097371e-09 2.9166754e-09 2.9238191e-09 2.9311726e-09 2.9387406e-09 2.9465278e-09 2.9545391e-09 2.9627792e-09 2.9712533e-09 2.9799662e-09 2.9889232e-09 2.9981294e-09 3.0075901e-09 3.0173107e-09 3.0272967e-09 3.0375537e-09 3.0480872e-09 3.0589031e-09 3.0700072e-09 3.0814054e-09 3.0931037e-09 3.1051084e-09 3.1174255e-09 3.1300616e-09 3.1430231e-09 3.1563164e-09 3.1699484e-09 3.1839258e-09 3.1982555e-09 3.2129446e-09 3.2280001e-09 3.2434295e-09 3.2592400e-09 3.2754393e-09 3.2920349e-09 3.3090348e-09 3.3264468e-09 3.3442791e-09 3.3625398e-09 3.3812374e-09 3.4003804e-09 3.4199774e-09 3.4400374e-09 3.4605692e-09 3.4815822e-09
1.9977625e-09 2.8238862e-09 2.9470968e-09 2.9533053e-09 2.9597039e-09 2.9662971e-09 2.9730893e-09 2.9800850e-09 2.9872889e-09 2.9947057e-09 3.0023403e-09 3.0101973e-09 3.0182819e-09 3.0265990e-09 3.0351537e-09 3.0439513e-09 3.0529969e-09 3.0622961e-09 3.0718542e-09 3.0816767e-09 3.0917694e-09 3.1021380e-09 3.1127883e-09 3.1237262e-09 3.1349577e-09 3.1464891e-09 3.1583264e-09 3.1704762e-09 3.1829448e-09 3.1957387e-09 3.2088647e-09 3.2223295e-09 3.2361401e-09 3.2503035e-09 3.2648268e-09 3.2797172e-09 3.2949823e-09 3.3106295e-09 3.3266664e-09 3.3431009e-09 3.3599409e-09 3.3771945e-09 3.3948699e-09 3.4129754e-09 3.4315197e-09 3.4505113e-09 3.4699590e-09 3.4898720e-09 3.5102592e-09 3.5311301e-09
2.0379940e-09 2.8806044e-09 3.0060525e-09 3.0121218e-09 3.0183791e-09 3.0248289e-09 3.0314758e-09 3.0383243e-09 3.0453791e-09 3.0526451e-09 3.0601270e-09 3.0678298e-09 3.0757585e-09 3.0839181e-09 3.0923140e-09 3.1009512e-09 3.1098353e-09 3.1189715e-09 3.1283656e-09 3.1380230e-09 3.1479495e-09 3.1581510e-09 3.1686333e-09 3.1794025e-09 3.1904646e-09 3.2018260e-09 3.2134930e-09 3.2254719e-09 3.2377693e-09 3.2503920e-09 3.2633466e-09 3.2766401e-09 3.2902795e-09 3.3042719e-09 3.3186245e-09 3.3333449e-09 3.3484404e-09 3.3639187e-09 3.3797877e-09 3.3960552e-09 3.4127293e-09 3.4298182e-09 3.4473302e-09 3.4652740e-09 3.4836580e-09 3.5024912e-09 3.5217825e-09 3.5415411e-09 3.5617762e-09 3.5824973e-09
2.0796036e-09 2.9392695e-09 3.0670383e-09 3.0729704e-09 3.0790882e-09 3.0853963e-09 3.0918992e-09 3.0986018e-09 3.1055086e-09 3.1126245e-09 3.1199544e-09 3.1275034e-09 3.1352764e-09 3.1432786e-09 3.1515154e-09 3.1599919e-09 3.1687137e-09 3.1776862e-09 3.1869152e-09 3.1964062e-09 3.2061650e-09 3.2161977e-09 3.2265101e-09 3.2371085e-09 3.2479989e-09 3.2591878e-09 3.2706815e-09 3.2824865e-09 3.2946096e-09 3.3070575e-09 3.3198371e-09 3.3329554e-09 3.3464194e-09 3.3602365e-09 3.3744141e-09 3.3889595e-09 3.4038805e-09 3.4191849e-09 3.4348804e-09 3.4509753e-09 3.4674777e-09 3.4843959e-09 3.5017384e-09 3.5195139e-09 3.5377311e-09 3.5563990e-09 3.5755268e-09 3.5951237e-09 3.6151992e-09 3.6357630e-09
2.1226339e-09 2.9999419e-09 3.1301176e-09 3.1359150e-09 3.1418957e-09 3.1480642e-09 3.1544253e-09 3.1609836e-09 3.1677440e-09 3.1747113e-09 3.1818904e-09 3.1892864e-09 3.1969045e-09 3.2047499e-09 3.2128278e-09 3.2211438e-09 3.2297032e-09 3.2385117e-09 3.2475749e-09 3.2568987e-09 3.2664889e-09 3.2763515e-09 3.2864926e-09 3.2969184e-09 3.3076352e-09 3.3186494e-09 3.3299675e-09 3.3415962e-09 3.3535421e-09 3.3658122e-09 3.3784135e-09 3.3913530e-09 3.4046380e-09 3.4182759e-09 3.4322740e-09 3.4466402e-09 3.4613820e-09 3.4765075e-09 3.4920246e-09 3.5079415e-09 3.5242666e-09 3.5410083e-09 3.5581753e-09 3.5757763e-09 3.5938203e-09 3.6123163e-09 3.6312737e-09 3.6507019e-09 3.6706106e-09 3.6910094e-09
2.1671279e-09 3.0626829e-09 3.1953547e-09 3.2010206e-09 3.2068672e-09 3.2128991e-09 3.2191209e-09 3.2255374e-09 3.2321535e-09 3.2389740e-09 3.2460041e-09 3.2532488e-09 3.2607132e-09 3.2684028e-09 3.2763229e-09 3.2844788e-09 3.2928763e-09 3.3015209e-09 3.3104185e-09 3.3195748e-09 3.3289959e-09 3.3386878e-09 3.3486566e-09 3.3589087e-09 3.3694504e-09 3.3802883e-09 3.3914289e-09 3.4028790e-09 3.4146454e-09 3.4267351e-09 3.4391552e-09 3.4519129e-09 3.4650155e-09 3.4784705e-09 3.4922855e-09 3.5064683e-09 3.5210267e-09 3.5359688e-09 3.5513027e-09 3.5670366e-09 3.5831792e-09 3.5997389e-09 3.6167246e-09 3.6341452e-09 3.6520097e-09 3.6703275e-09 3.6891079e-09 3.7083606e-09 3.7280952e-09 3.7483219e-09
