Pycode/rasters/q1r (copy).asc
NCOLS 496
NROWS 496
XLLCENTER 79423.54
YLLCENTER 236855.12
CELLSIZE 5
NODATA_VALUE 0
[rows 352 to 373 of 496, columns 150 to 199 of 496]
1.0872376e-09 1.0534675e-09 1.0201394e-09 9.8726048e-10 9.5483787e-10 9.2287832e-10 8.9138847e-10 8.6037476e-10 8.2984350e-10 7.9980087e-10 7.7025295e-10 7.4120571e-10 7.1266506e-10 6.8463683e-10 6.5712684e-10 6.3014085e-10 6.0368461e-10 5.7776383e-10 5.5238423e-10 5.2755150e-10 5.0327132e-10 4.7954935e-10 4.5639120e-10 4.3380244e-10 4.1178856e-10 3.9035496e-10 3.6950692e-10 3.4924953e-10 3.2958770e-10 3.1052611e-10 2.9206910e-10 2.7422071e-10 2.5698452e-10 2.4036369e-10 2.2436079e-10 2.0897783e-10 1.9421611e-10 1.8007619e-10 1.6655779e-10 1.5365975e-10 1.4137989e-10 1.2971502e-10 1.1866082e-10 1.0821178e-10 9.8361161e-11 8.9100932e-11 8.0421733e-11 7.2312848e-11 6.4762190e-11 5.7756298e-11
9.9153754e-10 9.6008366e-10 9.2906632e-10 8.9849162e-10 8.6836547e-10 8.3869360e-10 8.0948156e-10 7.8073477e-10 7.5245848e-10 7.2465787e-10 6.9733801e-10 6.7050386e-10 6.4416037e-10 6.1831238e-10 5.9296472e-10 5.6812219e-10 5.4378954e-10 5.1997152e-10 4.9667284e-10 4.7389820e-10 4.5165225e-10 4.2993963e-10 4.0876491e-10 3.8813257e-10 3.6804704e-10 3.4851259e-10 3.2953337e-10 3.1111334e-10 2.9325623e-10 2.7596551e-10 2.5924434e-10 2.4309551e-10 2.2752138e-10 2.1252385e-10 1.9810429e-10 1.8426343e-10 1.7100137e-10 1.5831746e-10 1.4621025e-10 1.3467745e-10 1.2371580e-10 1.1332110e-10 1.0348807e-10 9.4210361e-11 8.5480472e-11 7.7289732e-11 6.9628268e-11 6.2484993e-11 5.5847598e-11 4.9702567e-11
9.0383237e-10 8.7456309e-10 8.4572277e-10 8.1731652e-10 7.8934923e-10 7.6182565e-10 7.3475038e-10 7.0812788e-10 6.8196250e-10 6.5625847e-10 6.3101998e-10 6.0625109e-10 5.8195586e-10 5.5813826e-10 5.3480223e-10 5.1195170e-10 4.8959053e-10 4.6772258e-10 4.4635168e-10 4.2548161e-10 4.0511613e-10 3.8525893e-10 3.6591363e-10 3.4708377e-10 3.2877279e-10 3.1098398e-10 2.9372046e-10 2.7698516e-10 2.6078077e-10 2.4510970e-10 2.2997403e-10 2.1537547e-10 2.0131530e-10 1.8779434e-10 1.7481286e-10 1.6237053e-10 1.5046641e-10 1.3909881e-10 1.2826531e-10 1.1796265e-10 1.0818672e-10 9.8932475e-11 9.0193898e-11 8.1963977e-11 7.4234658e-11 6.6996822e-11 6.0240275e-11 5.3953737e-11 4.8124854e-11 4.2740218e-11
8.2349839e-10 7.9628648e-10 7.6949422e-10 7.4312578e-10 7.1718518e-10 6.9167628e-10 6.6660281e-10 6.4196839e-10 6.1777654e-10 5.9403068e-10 5.7073416e-10 5.4789028e-10 5.2550228e-10 5.0357334e-10 4.8210663e-10 4.6110527e-10 4.4057235e-10 4.2051092e-10 4.0092401e-10 3.8181459e-10 3.6318560e-10 3.4503989e-10 3.2738025e-10 3.1020934e-10 2.9352972e-10 2.7734380e-10 2.6165380e-10 2.4646173e-10 2.3176934e-10 2.1757811e-10 2.0388917e-10 1.9070328e-10 1.7802078e-10 1.6584153e-10 1.5416488e-10 1.4298959e-10 1.3231381e-10 1.2213500e-10 1.1244992e-10 1.0325455e-10 9.4544041e-11 8.6312710e-11 7.8553975e-11 7.1260339e-11 6.4423361e-11 5.8033645e-11 5.2080833e-11 4.6553613e-11 4.1439728e-11 3.6726014e-11
7.4995597e-10 7.2467887e-10 6.9981066e-10 6.7535470e-10 6.5131420e-10 6.2769223e-10 6.0449176e-10 5.8171564e-10 5.5936665e-10 5.3744749e-10 5.1596079e-10 4.9490913e-10 4.7429503e-10 4.5412098e-10 4.3438945e-10 4.1510284e-10 3.9626354e-10 3.7787389e-10 3.5993620e-10 3.4245272e-10 3.2542563e-10 3.0885706e-10 2.9274903e-10 2.7710344e-10 2.6192206e-10 2.4720651e-10 2.3295820e-10 2.1917833e-10 2.0586784e-10 1.9302737e-10 1.8065723e-10 1.6875735e-10 1.5732724e-10 1.4636595e-10 1.3587204e-10 1.2584350e-10 1.1627771e-10 1.0717144e-10 9.8520767e-11 9.0321048e-11 8.2566886e-11 7.5252096e-11 6.8369683e-11 6.1911816e-11 5.5869819e-11 5.0234159e-11 4.4994456e-11 4.0139490e-11 3.5657226e-11 3.1534847e-11
6.8266687e-10 6.5920687e-10 6.3614384e-10 6.1348042e-10 5.9121908e-10 5.6936222e-10 5.4791210e-10 5.2687092e-10 5.0624079e-10 4.8602376e-10 4.6622182e-10 4.4683690e-10 4.2787092e-10 4.0932573e-10 3.9120316e-10 3.7350500e-10 3.5623300e-10 3.3938887e-10 3.2297428e-10 3.0699082e-10 2.9144003e-10 2.7632336e-10 2.6164216e-10 2.4739765e-10 2.3359091e-10 2.2022285e-10 2.0729417e-10 1.9480536e-10 1.8275663e-10 1.7114790e-10 1.5997876e-10 1.4924843e-10 1.3895572e-10 1.2909897e-10 1.1967608e-10 1.1068437e-10 1.0212063e-10 9.3981041e-11 8.6261136e-11 7.8955793e-11 7.2059190e-11 6.5564786e-11 5.9465301e-11 5.3752705e-11 4.8418210e-11 4.3452273e-11 3.8844603e-11 3.4584181e-11 3.0659287e-11 2.7057540e-11
6.2113177e-10 5.9937611e-10 5.7800461e-10 5.5701922e-10 5.3642182e-10 5.1621416e-10 4.9639789e-10 4.7697464e-10 4.5794591e-10 4.3931319e-10 4.2107789e-10 4.0324141e-10 3.8580508e-10 3.6877020e-10 3.5213805e-10 3.3590985e-10 3.2008681e-10 3.0467007e-10 2.8966071e-10 2.7505977e-10 2.6086820e-10 2.4708686e-10 2.3371650e-10 2.2075773e-10 2.0821102e-10 1.9607666e-10 1.8435473e-10 1.7304509e-10 1.6214733e-10 1.5166074e-10 1.4158429e-10 1.3191658e-10 1.2265582e-10 1.1379979e-10 1.0534579e-10 9.7290632e-11 8.9630601e-11 8.2361410e-11 7.5478184e-11 6.8975434e-11 6.2847032e-11 5.7086199e-11 5.1685488e-11 4.6636780e-11 4.1931287e-11 3.7559553e-11 3.3511472e-11 2.9776314e-11 2.6342749e-11 2.3198898e-11
5.6488782e-10 5.4472879e-10 5.2494039e-10 5.0552403e-10 4.8648098e-10 4.6781246e-10 4.4951962e-10 4.3160351e-10 4.1406516e-10 3.9690553e-10 3.8012555e-10 3.6372610e-10 3.4770803e-10 3.3207215e-10 3.1681924e-10 3.0195005e-10 2.8746526e-10 2.7336553e-10 2.5965145e-10 2.4632353e-10 2.3338221e-10 2.2082783e-10 2.0866061e-10 1.9688063e-10 1.8548782e-10 1.7448193e-10 1.6386251e-10 1.5362885e-10 1.4378001e-10 1.3431474e-10 1.2523148e-10 1.1652832e-10 1.0820296e-10 1.0025269e-10 9.2674356e-11 8.5464345e-11 7.8618537e-11 7.2132291e-11 6.6000424e-11 6.0217186e-11 5.4776251e-11 4.9670702e-11 4.4893025e-11 4.0435109e-11 3.6288253e-11 3.2443175e-11 2.8890032e-11 2.5618447e-11 2.2617544e-11 1.9875989e-11
5.1350637e-10 4.9484129e-10 4.7653283e-10 4.5858187e-10 4.4098921e-10 4.2375558e-10 4.0688166e-10 3.9036804e-10 3.7421530e-10 3.5842397e-10 3.4299451e-10 3.2792739e-10 3.1322302e-10 2.9888178e-10 2.8490402e-10 2.7129005e-10 2.5804012e-10 2.4515444e-10 2.3263316e-10 2.2047635e-10 2.0868399e-10 1.9725595e-10 1.8619201e-10 1.7549178e-10 1.6515472e-10 1.5518010e-10 1.4556700e-10 1.3631426e-10 1.2742046e-10 1.1888389e-10 1.1070255e-10 1.0287410e-10 9.5395812e-11 8.8264591e-11 8.1476917e-11 7.5028831e-11 6.8915913e-11 6.3133261e-11 5.7675472e-11 5.2536633e-11 4.7710306e-11 4.3189526e-11 3.8966796e-11 3.5034093e-11 3.1382879e-11 2.8004113e-11 2.4888276e-11 2.2025398e-11 1.9405099e-11 1.7016623e-11
4.6659074e-10 4.4932197e-10 4.3239546e-10 4.1581165e-10 3.9957092e-10 3.8367358e-10 3.6811989e-10 3.5291005e-10 3.3804424e-10 3.2352260e-10 3.0934522e-10 2.9551218e-10 2.8202351e-10 2.6887922e-10 2.5607927e-10 2.4362358e-10 2.3151205e-10 2.1974449e-10 2.0832065e-10 1.9724022e-10 1.8650278e-10 1.7610782e-10 1.6605468e-10 1.5634259e-10 1.4697059e-10 1.3793757e-10 1.2924218e-10 1.2088287e-10 1.1285783e-10 1.0516497e-10 9.7801914e-11 9.0765958e-11 8.4054051e-11 7.7662776e-11 7.1588328e-11 6.5826492e-11 6.0372626e-11 5.5221649e-11 5.0368023e-11 4.5805748e-11 4.1528354e-11 3.7528902e-11 3.3799982e-11 3.0333727e-11 2.7121820e-11 2.4155519e-11 2.1425674e-11 1.8922763e-11 1.6636929e-11 1.4558018e-11
4.2377415e-10 4.0780900e-10 3.9217157e-10 3.7686193e-10 3.6188006e-10 3.4722593e-10 3.3289942e-10 3.1890041e-10 3.0522873e-10 2.9188417e-10 2.7886651e-10 2.6617547e-10 2.5381078e-10 2.4177209e-10 2.3005906e-10 2.1867128e-10 2.0760828e-10 1.9686957e-10 1.8645455e-10 1.7636256e-10 1.6659285e-10 1.5714456e-10 1.4801668e-10 1.3920809e-10 1.3071749e-10 1.2254341e-10 1.1468418e-10 1.0713789e-10 9.9902421e-11 9.2975362e-11 8.6354030e-11 8.0035434e-11 7.4016260e-11 6.8292848e-11 6.2861177e-11 5.7716850e-11 5.2855078e-11 4.8270670e-11 4.3958023e-11 3.9911120e-11 3.6123526e-11 3.2588387e-11 2.9298444e-11 2.6246035e-11 2.3423119e-11 2.0821287e-11 1.8431799e-11 1.6245606e-11 1.4253391e-11 1.2445615e-11
3.8471770e-10 3.6996837e-10 3.5553217e-10 3.4140883e-10 3.2759801e-10 3.1409936e-10 3.0091247e-10 2.8803690e-10 2.7547220e-10 2.6321787e-10 2.5127338e-10 2.3963820e-10 2.2831175e-10 2.1729341e-10 2.0658254e-10 1.9617844e-10 1.8608038e-10 1.7628755e-10 1.6679908e-10 1.5761400e-10 1.4873126e-10 1.4014971e-10 1.3186805e-10 1.2388486e-10 1.1619854e-10 1.0880733e-10 1.0170927e-10 9.4902190e-11 8.8383679e-11 8.2151082e-11 7.6201472e-11 7.0531634e-11 6.5138052e-11 6.0016887e-11 5.5163969e-11 5.0574780e-11 4.6244447e-11 4.2167731e-11 3.8339028e-11 3.4752360e-11 3.1401379e-11 2.8279376e-11 2.5379283e-11 2.2693692e-11 2.0214870e-11 1.7934779e-11 1.5845107e-11 1.3937298e-11 1.2202588e-11 1.0632044e-11
3.4910851e-10 3.3549199e-10 3.2217405e-10 3.0915413e-10 2.9643163e-10 2.8400592e-10 2.7187634e-10 2.6004219e-10 2.4850275e-10 2.3725729e-10 2.2630504e-10 2.1564521e-10 2.0527696e-10 1.9519946e-10 1.8541181e-10 1.7591307e-10 1.6670224e-10 1.5777828e-10 1.4914006e-10 1.4078637e-10 1.3271590e-10 1.2492725e-10 1.1741886e-10 1.1018906e-10 1.0323602e-10 9.6557728e-11 9.0151988e-11 8.4016400e-11 7.8148345e-11 7.2544962e-11 6.7203138e-11 6.2119491e-11 5.7290358e-11 5.2711779e-11 4.8379488e-11 4.4288905e-11 4.0435126e-11 3.6812921e-11 3.3416731e-11 3.0240668e-11 2.7278521e-11 2.4523762e-11 2.1969557e-11 1.9608782e-11 1.7434042e-11 1.5437691e-11 1.3611863e-11 1.1948501e-11 1.0439394e-11 9.0762138e-12
3.1665796e-10 3.0409587e-10 2.9181795e-10 2.7982341e-10 2.6811142e-10 2.5668110e-10 2.4553158e-10 2.3466195e-10 2.2407127e-10 2.1375859e-10 2.0372294e-10 1.9396331e-10 1.8447867e-10 1.7526797e-10 1.6633010e-10 1.5766391e-10 1.4926819e-10 1.4114170e-10 1.3328307e-10 1.2569090e-10 1.1836367e-10 1.1129974e-10 1.0449737e-10 9.7954675e-11 9.1669609e-11 8.5639972e-11 7.9863380e-11 7.4337255e-11 6.9058806e-11 6.4025020e-11 5.9232648e-11 5.4678189e-11 5.0357883e-11 4.6267697e-11 4.2403321e-11 3.8760160e-11 3.5333326e-11 3.2117642e-11 2.9107639e-11 2.6297560e-11 2.3681366e-11 2.1252746e-11 1.9005129e-11 1.6931700e-11 1.5025422e-11 1.3279055e-11 1.1685186e-11 1.0236260e-11 8.9246109e-12 7.7425030e-12
2.8709993e-10 2.7551840e-10 2.6420687e-10 2.5316433e-10 2.4238975e-10 2.3188207e-10 2.2164022e-10 2.1166312e-10 2.0194964e-10 1.9249867e-10 1.8330904e-10 1.7437957e-10 1.6570907e-10 1.5729630e-10 1.4913996e-10 1.4123875e-10 1.3359128e-10 1.2619610e-10 1.1905171e-10 1.1215649e-10 1.0550876e-10 9.9106712e-11 9.2948420e-11 8.7031832e-11 8.1354746e-11 7.5914803e-11 7.0709470e-11 6.5736032e-11 6.0991573e-11 5.6472971e-11 5.2176881e-11 4.8099730e-11 4.4237702e-11 4.0586738e-11 3.7142524e-11 3.3900490e-11 3.0855807e-11 2.8003388e-11 2.5337889e-11 2.2853717e-11 2.0545035e-11 1.8405776e-11 1.6429654e-11 1.4610180e-11 1.2940688e-11 1.1414351e-11 1.0024211e-11 8.7632079e-12 7.6242131e-12 6.6000633e-12
2.6018928e-10 2.4951882e-10 2.3910444e-10 2.2894499e-10 2.1903927e-10 2.0938606e-10 1.9998414e-10 1.9083226e-10 1.8192916e-10 1.7327357e-10 1.6486418e-10 1.5669967e-10 1.4877868e-10 1.4109984e-10 1.3366171e-10 1.2646282e-10 1.1950165e-10 1.1277661e-10 1.0628602e-10 1.0002815e-10 9.4001154e-11 8.8203086e-11 8.2631885e-11 7.7285363e-11 7.2161192e-11 6.7256891e-11 6.2569818e-11 5.8097157e-11 5.3835907e-11 4.9782872e-11 4.5934653e-11 4.2287639e-11 3.8838002e-11 3.5581688e-11 3.2514419e-11 2.9631685e-11 2.6928748e-11 2.4400643e-11 2.2042181e-11 1.9847959e-11 1.7812366e-11 1.5929596e-11 1.4193665e-11 1.2598423e-11 1.1137579e-11 9.8047199e-12 8.5933405e-12 7.4968670e-12 6.5086907e-12 5.6222002e-12
2.3570035e-10 2.2587562e-10 2.1629342e-10 2.0695245e-10 1.9785136e-10 1.8898884e-10 1.8036351e-10 1.7197400e-10 1.6381895e-10 1.5589694e-10 1.4820655e-10 1.4074634e-10 1.3351483e-10 1.2651053e-10 1.1973188e-10 1.1317729e-10 1.0684511e-10 1.0073363e-10 9.4841074e-11 8.9165571e-11 8.3705168e-11 7.8457807e-11 7.3421319e-11 6.8593413e-11 6.3971666e-11 5.9553509e-11 5.5336224e-11 5.1316926e-11 4.7492562e-11 4.3859898e-11 4.0415513e-11 3.7155794e-11 3.4076930e-11 3.1174908e-11 2.8445512e-11 2.5884325e-11 2.3486727e-11 2.1247899e-11 1.9162833e-11 1.7226334e-11 1.5433034e-11 1.3777405e-11 1.2253771e-11 1.0856328e-11 9.5791629e-12 8.4162734e-12 7.3615963e-12 6.4090314e-12 5.5524715e-12 4.7858327e-12
2.1342550e-10 2.0438520e-10 1.9557426e-10 1.8699126e-10 1.7863475e-10 1.7050328e-10 1.6259541e-10 1.5490967e-10 1.4744456e-10 1.4019860e-10 1.3317026e-10 1.2635801e-10 1.1976026e-10 1.1337543e-10 1.0720186e-10 1.0123787e-10 9.5481713e-11 8.9931582e-11 8.4585601e-11 7.9441814e-11 7.4498178e-11 6.9752549e-11 6.5202679e-11 6.0846203e-11 5.6680629e-11 5.2703332e-11 4.8911543e-11 4.5302343e-11 4.1872653e-11 3.8619231e-11 3.5538665e-11 3.2627365e-11 2.9881568e-11 2.7297327e-11 2.4870518e-11 2.2596837e-11 2.0471805e-11 1.8490772e-11 1.6648925e-11 1.4941294e-11 1.3362768e-11 1.1908103e-11 1.0571938e-11 9.3488149e-12 8.2331949e-12 7.2194802e-12 6.3020381e-12 5.4752249e-12 4.7334135e-12 4.0710215e-12
1.9317385e-10 1.8486054e-10 1.7676382e-10 1.6888218e-10 1.6121411e-10 1.5375806e-10 1.4651251e-10 1.3947590e-10 1.3264668e-10 1.2602327e-10 1.1960408e-10 1.1338748e-10 1.0737184e-10 1.0155547e-10 9.5936653e-11 9.0513628e-11 8.5284575e-11 8.0247615e-11 7.5400799e-11 7.0742105e-11 6.6269421e-11 6.1980546e-11 5.7873174e-11 5.3944891e-11 5.0193165e-11 4.6615336e-11 4.3208615e-11 3.9970069e-11 3.6896624e-11 3.3985053e-11 3.1231977e-11 2.8633857e-11 2.6186999e-11 2.3887546e-11 2.1731485e-11 1.9714646e-11 1.7832710e-11 1.6081209e-11 1.4455540e-11 1.2950971e-11 1.1562651e-11 1.0285626e-11 9.1148520e-12 8.0452136e-12 7.0715401e-12 6.1886269e-12 5.3912572e-12 4.6742251e-12 4.0323605e-12 3.4605550e-12
1.7477001e-10 1.6712991e-10 1.5969407e-10 1.5246093e-10 1.4542889e-10 1.3859637e-10 1.3196176e-10 1.2552346e-10 1.1927986e-10 1.1322931e-10 1.0737016e-10 1.0170074e-10 9.6219350e-11 9.0924247e-11 8.5813658e-11 8.0885762e-11 7.6138687e-11 7.1570500e-11 6.7179203e-11 6.2962724e-11 5.8918909e-11 5.5045516e-11 5.1340207e-11 4.7800540e-11 4.4423963e-11 4.1207808e-11 3.8149283e-11 3.5245469e-11 3.2493315e-11 2.9889635e-11 2.7431101e-11 2.5114248e-11 2.2935468e-11 2.0891015e-11 1.8977003e-11 1.7189413e-11 1.5524098e-11 1.3976785e-11 1.2543090e-11 1.1218521e-11 9.9984971e-12 8.8783526e-12 7.8533584e-12 6.9187350e-12 6.0696710e-12 5.3013417e-12 4.6089296e-12 3.9876459e-12 3.4327531e-12 2.9395886e-12
1.5805294e-10 1.5103576e-10 1.4421099e-10 1.3757700e-10 1.3113215e-10 1.2487481e-10 1.1880335e-10 1.1291610e-10 1.0721141e-10 1.0168760e-10 9.6342986e-11 9.1175840e-11 8.6184420e-11 8.1366952e-11 7.6721620e-11 7.2246563e-11 6.7939873e-11 6.3799582e-11 5.9823659e-11 5.6010002e-11 5.2356433e-11 4.8860690e-11 4.5520419e-11 4.2333171e-11 3.9296395e-11 3.6407432e-11 3.3663510e-11 3.1061741e-11 2.8599119e-11 2.6272512e-11 2.4078667e-11 2.2014207e-11 2.0075628e-11 1.8259307e-11 1.6561502e-11 1.4978355e-11 1.3505900e-11 1.2140068e-11 1.0876700e-11 9.7115495e-12 8.6403009e-12 7.6585781e-12 6.7619601e-12 5.9459958e-12 5.2062210e-12 4.5381759e-12 3.9374238e-12 3.3995712e-12 2.9202882e-12 2.4953298e-12
1.4287485e-10 1.3643364e-10 1.3017345e-10 1.2409261e-10 1.1818945e-10 1.1246233e-10 1.0690956e-10 1.0152947e-10 9.6320368e-11 9.1280551e-11 8.6408299e-11 8.1701868e-11 7.7159487e-11 7.2779355e-11 6.8559631e-11 6.4498432e-11 6.0593826e-11 5.6843827e-11 5.3246388e-11 4.9799393e-11 4.6500656e-11 4.3347911e-11 4.0338807e-11 3.7470905e-11 3.4741671e-11 3.2148472e-11 2.9688574e-11 2.7359137e-11 2.5157212e-11 2.3079743e-11 2.1123563e-11 1.9285396e-11 1.7561858e-11 1.5949461e-11 1.4444613e-11 1.3043629e-11 1.1742731e-11 1.0538059e-11 9.4256780e-12 8.4015905e-12 7.4617441e-12 6.6020462e-12 5.8183765e-12 5.1066020e-12 4.4625919e-12 3.8822350e-12 3.3614560e-12 2.8962341e-12 2.4826217e-12 2.1167634e-12
