Pycode/rasters/qmid.asc
ncols 497
nrows 497
xllcenter 79233.55
yllcenter 236997.02
cellsize 6
nodata_value 0
[rows 132 to 153 of 497, columns 150 to 199 of 497]
1.6552140e-08 1.6744484e-08 1.6941740e-08 1.7143997e-08 1.7351342e-08 1.7563860e-08 1.7781634e-08 1.8004745e-08 1.8233271e-08 1.8467288e-08 1.8706868e-08 1.8952080e-08 1.9202988e-08 1.9459653e-08 1.9722132e-08 1.9990475e-08 2.0264730e-08 2.0544936e-08 2.0831128e-08 2.1123335e-08 2.1421578e-08 2.1725871e-08 2.2036221e-08 2.2352627e-08 2.2675078e-08 2.3003557e-08 2.3338035e-08 2.3678475e-08 2.4024829e-08 2.4377039e-08 2.4735036e-08 2.5098739e-08 2.5468056e-08 2.5842882e-08 2.6223102e-08 2.6608585e-08 2.6999190e-08 2.7394760e-08 2.7795128e-08 2.8200109e-08 2.8609507e-08 2.9023113e-08 2.9440702e-08 2.9862036e-08 3.0286863e-08 3.0714917e-08 3.1145921e-08 3.1579581e-08 3.2015595e-08 3.2453645e-08
1.6883446e-08 1.7077072e-08 1.7275700e-08 1.7479423e-08 1.7688336e-08 1.7902528e-08 1.8122089e-08 1.8347106e-08 1.8577665e-08 1.8813846e-08 1.9055730e-08 1.9303391e-08 1.9556901e-08 1.9816328e-08 2.0081736e-08 2.0353183e-08 2.0630723e-08 2.0914404e-08 2.1204266e-08 2.1500348e-08 2.1802676e-08 2.2111273e-08 2.2426152e-08 2.2747321e-08 2.3074775e-08 2.3408503e-08 2.3748485e-08 2.4094688e-08 2.4447073e-08 2.4805586e-08 2.5170164e-08 2.5540733e-08 2.5917204e-08 2.6299479e-08 2.6687445e-08 2.7080976e-08 2.7479933e-08 2.7884164e-08 2.8293499e-08 2.8707760e-08 2.9126749e-08 2.9550255e-08 2.9978055e-08 3.0409908e-08 3.0845560e-08 3.1284742e-08 3.1727171e-08 3.2172550e-08 3.2620569e-08 3.3070904e-08
1.7228994e-08 1.7423886e-08 1.7623868e-08 1.7829037e-08 1.8039494e-08 1.8255335e-08 1.8476656e-08 1.8703551e-08 1.8936111e-08 1.9174425e-08 1.9418578e-08 1.9668655e-08 1.9924733e-08 2.0186887e-08 2.0455190e-08 2.0729706e-08 2.1010497e-08 2.1297620e-08 2.1591122e-08 2.1891049e-08 2.2197437e-08 2.2510314e-08 2.2829704e-08 2.3155619e-08 2.3488065e-08 2.3827037e-08 2.4172522e-08 2.4524496e-08 2.4882924e-08 2.5247761e-08 2.5618950e-08 2.5996422e-08 2.6380096e-08 2.6769877e-08 2.7165658e-08 2.7567317e-08 2.7974719e-08 2.8387714e-08 2.8806138e-08 2.9229810e-08 2.9658537e-08 3.0092108e-08 3.0530297e-08 3.0972865e-08 3.1419554e-08 3.1870093e-08 3.2324194e-08 3.2781557e-08 3.3241865e-08 3.3704787e-08
1.7589577e-08 1.7785726e-08 1.7987047e-08 1.8193646e-08 1.8405629e-08 1.8623097e-08 1.8846155e-08 1.9074901e-08 1.9309434e-08 1.9549851e-08 1.9796244e-08 2.0048703e-08 2.0307315e-08 2.0572163e-08 2.0843325e-08 2.1120875e-08 2.1404884e-08 2.1695415e-08 2.1992525e-08 2.2296266e-08 2.2606684e-08 2.2923817e-08 2.3247693e-08 2.3578336e-08 2.3915758e-08 2.4259964e-08 2.4610947e-08 2.4968692e-08 2.5333172e-08 2.5704348e-08 2.6082171e-08 2.6466579e-08 2.6857497e-08 2.7254836e-08 2.7658494e-08 2.8068355e-08 2.8484288e-08 2.8906147e-08 2.9333771e-08 2.9766984e-08 3.0205591e-08 3.0649384e-08 3.1098139e-08 3.1551612e-08 3.2009548e-08 3.2471670e-08 3.2937690e-08 3.3407301e-08 3.3880181e-08 3.4355994e-08
1.7966029e-08 1.8163430e-08 1.8366084e-08 1.8574103e-08 1.8787597e-08 1.9006677e-08 1.9231451e-08 1.9462027e-08 1.9698509e-08 1.9941002e-08 2.0189605e-08 2.0444416e-08 2.0705530e-08 2.0973038e-08 2.1247026e-08 2.1527577e-08 2.1814768e-08 2.2108672e-08 2.2409356e-08 2.2716880e-08 2.3031298e-08 2.3352656e-08 2.3680994e-08 2.4016341e-08 2.4358721e-08 2.4708145e-08 2.5064617e-08 2.5428129e-08 2.5798663e-08 2.6176188e-08 2.6560663e-08 2.6952032e-08 2.7350229e-08 2.7755171e-08 2.8166762e-08 2.8584893e-08 2.9009437e-08 2.9440254e-08 2.9877186e-08 3.0320059e-08 3.0768684e-08 3.1222853e-08 3.1682342e-08 3.2146909e-08 3.2616296e-08 3.3090227e-08 3.3568408e-08 3.4050530e-08 3.4536266e-08 3.5025273e-08
1.8359224e-08 1.8557881e-08 1.8761868e-08 1.8971302e-08 1.9186300e-08 1.9406980e-08 1.9633457e-08 1.9865845e-08 2.0104257e-08 2.0348803e-08 2.0599591e-08 2.0856728e-08 2.1120314e-08 2.1390451e-08 2.1667232e-08 2.1950750e-08 2.2241090e-08 2.2538334e-08 2.2842557e-08 2.3153830e-08 2.3472215e-08 2.3797769e-08 2.4130539e-08 2.4470565e-08 2.4817880e-08 2.5172505e-08 2.5534451e-08 2.5903722e-08 2.6280307e-08 2.6664185e-08 2.7055323e-08 2.7453673e-08 2.7859177e-08 2.8271761e-08 2.8691335e-08 2.9117796e-08 2.9551024e-08 2.9990885e-08 3.0437224e-08 3.0889874e-08 3.1348647e-08 3.1813338e-08 3.2283726e-08 3.2759569e-08 3.3240609e-08 3.3726568e-08 3.4217150e-08 3.4712044e-08 3.5210917e-08 3.5713421e-08
1.8770078e-08 1.8970003e-08 1.9175330e-08 1.9386183e-08 1.9602686e-08 1.9824963e-08 2.0053135e-08 2.0287324e-08 2.0527651e-08 2.0774233e-08 2.1027186e-08 2.1286624e-08 2.1552658e-08 2.1825395e-08 2.2104940e-08 2.2391393e-08 2.2684850e-08 2.2985400e-08 2.3293130e-08 2.3608118e-08 2.3930437e-08 2.4260154e-08 2.4597326e-08 2.4942003e-08 2.5294227e-08 2.5654030e-08 2.6021434e-08 2.6396450e-08 2.6779078e-08 2.7169308e-08 2.7567114e-08 2.7972459e-08 2.8385293e-08 2.8805550e-08 2.9233149e-08 2.9667994e-08 3.0109973e-08 3.0558956e-08 3.1014796e-08 3.1477330e-08 3.1946375e-08 3.2421729e-08 3.2903173e-08 3.3390469e-08 3.3883356e-08 3.4381559e-08 3.4884779e-08 3.5392702e-08 3.5904991e-08 3.6421295e-08
1.9199551e-08 1.9400764e-08 1.9607449e-08 1.9819734e-08 2.0037750e-08 2.0261627e-08 2.0491495e-08 2.0727483e-08 2.0969717e-08 2.1218323e-08 2.1473426e-08 2.1735149e-08 2.2003609e-08 2.2278924e-08 2.2561207e-08 2.2850567e-08 2.3147110e-08 2.3450935e-08 2.3762138e-08 2.4080809e-08 2.4407030e-08 2.4740877e-08 2.5082419e-08 2.5431717e-08 2.5788823e-08 2.6153779e-08 2.6526618e-08 2.6907362e-08 2.7296022e-08 2.7692596e-08 2.8097071e-08 2.8509419e-08 2.8929599e-08 2.9357554e-08 2.9793214e-08 3.0236489e-08 3.0687276e-08 3.1145453e-08 3.1610879e-08 3.2083398e-08 3.2562830e-08 3.3048981e-08 3.3541633e-08 3.4040550e-08 3.4545475e-08 3.5056131e-08 3.5572220e-08 3.6093425e-08 3.6619407e-08 3.7149809e-08
1.9648644e-08 1.9851179e-08 2.0059248e-08 2.0272989e-08 2.0492537e-08 2.0718029e-08 2.0949602e-08 2.1187393e-08 2.1431535e-08 2.1682163e-08 2.1939409e-08 2.2203404e-08 2.2474276e-08 2.2752151e-08 2.3037151e-08 2.3329394e-08 2.3628997e-08 2.3936069e-08 2.4250716e-08 2.4573038e-08 2.4903128e-08 2.5241073e-08 2.5586954e-08 2.5940842e-08 2.6302800e-08 2.6672882e-08 2.7051132e-08 2.7437584e-08 2.7832259e-08 2.8235167e-08 2.8646305e-08 2.9065658e-08 2.9493193e-08 2.9928865e-08 3.0372613e-08 3.0824357e-08 3.1284003e-08 3.1751437e-08 3.2226528e-08 3.2709123e-08 3.3199052e-08 3.3696124e-08 3.4200127e-08 3.4710828e-08 3.5227973e-08 3.5751286e-08 3.6280469e-08 3.6815204e-08 3.7355151e-08 3.7899946e-08
2.0118405e-08 2.0322307e-08 2.0531801e-08 2.0747032e-08 2.0968142e-08 2.1195274e-08 2.1428573e-08 2.1668182e-08 2.1914243e-08 2.2166898e-08 2.2426289e-08 2.2692554e-08 2.2965831e-08 2.3246254e-08 2.3533955e-08 2.3829065e-08 2.4131706e-08 2.4442001e-08 2.4760066e-08 2.5086010e-08 2.5419940e-08 2.5761954e-08 2.6112142e-08 2.6470589e-08 2.6837369e-08 2.7212549e-08 2.7596183e-08 2.7988319e-08 2.8388989e-08 2.8798216e-08 2.9216008e-08 2.9642361e-08 3.0077256e-08 3.0520657e-08 3.0972514e-08 3.1432759e-08 3.1901307e-08 3.2378054e-08 3.2862877e-08 3.3355633e-08 3.3856158e-08 3.4364268e-08 3.4879757e-08 3.5402396e-08 3.5931935e-08 3.6468101e-08 3.7010597e-08 3.7559105e-08 3.8113282e-08 3.8672764e-08
2.0609926e-08 2.0815254e-08 2.1026228e-08 2.1242998e-08 2.1465713e-08 2.1694523e-08 2.1929580e-08 2.2171034e-08 2.2419036e-08 2.2673735e-08 2.2935282e-08 2.3203824e-08 2.3479508e-08 2.3762477e-08 2.4052874e-08 2.4350838e-08 2.4656504e-08 2.4970003e-08 2.5291464e-08 2.5621008e-08 2.5958752e-08 2.6304806e-08 2.6659273e-08 2.7022249e-08 2.7393822e-08 2.7774070e-08 2.8163062e-08 2.8560857e-08 2.8967500e-08 2.9383026e-08 2.9807458e-08 3.0240804e-08 3.0683056e-08 3.1134192e-08 3.1594173e-08 3.2062943e-08 3.2540428e-08 3.3026535e-08 3.3521151e-08 3.4024142e-08 3.4535354e-08 3.5054610e-08 3.5581710e-08 3.6116433e-08 3.6658533e-08 3.7207739e-08 3.7763759e-08 3.8326274e-08 3.8894941e-08 3.9469395e-08
2.1124345e-08 2.1331175e-08 2.1543698e-08 2.1762071e-08 2.1986449e-08 2.2216990e-08 2.2453851e-08 2.2697192e-08 2.2947169e-08 2.3203943e-08 2.3467670e-08 2.3738507e-08 2.4016610e-08 2.4302133e-08 2.4595229e-08 2.4896045e-08 2.5204729e-08 2.5521423e-08 2.5846267e-08 2.6179392e-08 2.6520929e-08 2.6871000e-08 2.7229721e-08 2.7597200e-08 2.7973538e-08 2.8358826e-08 2.8753148e-08 2.9156575e-08 2.9569167e-08 2.9990972e-08 3.0422027e-08 3.0862352e-08 3.1311954e-08 3.1770825e-08 3.2238938e-08 3.2716251e-08 3.3202701e-08 3.3698207e-08 3.4202668e-08 3.4715961e-08 3.5237941e-08 3.5768441e-08 3.6307269e-08 3.6854212e-08 3.7409028e-08 3.7971454e-08 3.8541199e-08 3.9117947e-08 3.9701358e-08 4.0291064e-08
2.1662849e-08 2.1871273e-08 2.2085433e-08 2.2305489e-08 2.2531606e-08 2.2763946e-08 2.3002674e-08 2.3247957e-08 2.3499961e-08 2.3758852e-08 2.4024797e-08 2.4297961e-08 2.4578510e-08 2.4866608e-08 2.5162416e-08 2.5466094e-08 2.5777800e-08 2.6097688e-08 2.6425907e-08 2.6762605e-08 2.7107921e-08 2.7461992e-08 2.7824946e-08 2.8196905e-08 2.8577984e-08 2.8968288e-08 2.9367914e-08 2.9776947e-08 3.0195463e-08 3.0623525e-08 3.1061182e-08 3.1508472e-08 3.1965414e-08 3.2432015e-08 3.2908263e-08 3.3394129e-08 3.3889564e-08 3.4394501e-08 3.4908850e-08 3.5432502e-08 3.5965322e-08 3.6507154e-08 3.7057817e-08 3.7617104e-08 3.8184784e-08 3.8760598e-08 3.9344260e-08 3.9935460e-08 4.0533858e-08 4.1139087e-08
2.2226668e-08 2.2436799e-08 2.2652701e-08 2.2874542e-08 2.3102491e-08 2.3336717e-08 2.3577394e-08 2.3824694e-08 2.4078791e-08 2.4339861e-08 2.4608077e-08 2.4883616e-08 2.5166652e-08 2.5457358e-08 2.5755907e-08 2.6062469e-08 2.6377213e-08 2.6700305e-08 2.7031906e-08 2.7372175e-08 2.7721266e-08 2.8079327e-08 2.8446501e-08 2.8822925e-08 2.9208725e-08 2.9604023e-08 3.0008930e-08 3.0423547e-08 3.0847964e-08 3.1282260e-08 3.1726500e-08 3.2180735e-08 3.2645004e-08 3.3119326e-08 3.3603706e-08 3.4098130e-08 3.4602564e-08 3.5116955e-08 3.5641228e-08 3.6175286e-08 3.6719009e-08 3.7272252e-08 3.7834846e-08 3.8406593e-08 3.8987272e-08 3.9576631e-08 4.0174393e-08 4.0780251e-08 4.1393870e-08 4.2014884e-08
2.2817081e-08 2.3029054e-08 2.3246827e-08 2.3470573e-08 2.3700469e-08 2.3936689e-08 2.4179415e-08 2.4428826e-08 2.4685103e-08 2.4948431e-08 2.5218993e-08 2.5496972e-08 2.5782553e-08 2.6075919e-08 2.6377253e-08 2.6686737e-08 2.7004549e-08 2.7330869e-08 2.7665869e-08 2.8009722e-08 2.8362594e-08 2.8724647e-08 2.9096037e-08 2.9476916e-08 2.9867427e-08 3.0267704e-08 3.0677874e-08 3.1098055e-08 3.1528352e-08 3.1968861e-08 3.2419663e-08 3.2880827e-08 3.3352406e-08 3.3834438e-08 3.4326944e-08 3.4829925e-08 3.5343366e-08 3.5867228e-08 3.6401452e-08 3.6945956e-08 3.7500635e-08 3.8065358e-08 3.8639967e-08 3.9224278e-08 3.9818080e-08 4.0421132e-08 4.1033164e-08 4.1653876e-08 4.2282939e-08 4.2919990e-08
2.3435414e-08 2.3649387e-08 2.3869183e-08 2.4094980e-08 2.4326960e-08 2.4565306e-08 2.4810204e-08 2.5061842e-08 2.5320409e-08 2.5586096e-08 2.5859096e-08 2.6139601e-08 2.6427805e-08 2.6723902e-08 2.7028084e-08 2.7340544e-08 2.7661474e-08 2.7991062e-08 2.8329495e-08 2.8676958e-08 2.9033631e-08 2.9399689e-08 2.9775304e-08 3.0160641e-08 3.0555858e-08 3.0961108e-08 3.1376531e-08 3.1802262e-08 3.2238424e-08 3.2685129e-08 3.3142476e-08 3.3610550e-08 3.4089424e-08 3.4579153e-08 3.5079775e-08 3.5591311e-08 3.6113760e-08 3.6647104e-08 3.7191300e-08 3.7746282e-08 3.8311961e-08 3.8888221e-08 3.9474921e-08 4.0071889e-08 4.0678928e-08 4.1295806e-08 4.1922266e-08 4.2558016e-08 4.3202733e-08 4.3856062e-08
2.4083041e-08 2.4299198e-08 2.4521194e-08 2.4749212e-08 2.4983441e-08 2.5224069e-08 2.5471288e-08 2.5725294e-08 2.5986284e-08 2.6254456e-08 2.6530012e-08 2.6813152e-08 2.7104080e-08 2.7403000e-08 2.7710114e-08 2.8025627e-08 2.8349741e-08 2.8682657e-08 2.9024575e-08 2.9375692e-08 2.9736202e-08 3.0106295e-08 3.0486156e-08 3.0875967e-08 3.1275901e-08 3.1686127e-08 3.2106802e-08 3.2538079e-08 3.2980097e-08 3.3432986e-08 3.3896864e-08 3.4371836e-08 3.4857991e-08 3.5355404e-08 3.5864133e-08 3.6384216e-08 3.6915674e-08 3.7458505e-08 3.8012686e-08 3.8578170e-08 3.9154885e-08 3.9742732e-08 4.0341587e-08 4.0951294e-08 4.1571669e-08 4.2202497e-08 4.2843530e-08 4.3494489e-08 4.4155058e-08 4.4824893e-08
2.4761380e-08 2.4979934e-08 2.5204337e-08 2.5434776e-08 2.5671445e-08 2.5914539e-08 2.6164257e-08 2.6420800e-08 2.6684373e-08 2.6955183e-08 2.7233437e-08 2.7519348e-08 2.7813126e-08 2.8114986e-08 2.8425142e-08 2.8743807e-08 2.9071196e-08 2.9407522e-08 2.9752998e-08 3.0107833e-08 3.0472236e-08 3.0846411e-08 3.1230559e-08 3.1624875e-08 3.2029551e-08 3.2444771e-08 3.2870710e-08 3.3307538e-08 3.3755413e-08 3.4214484e-08 3.4684887e-08 3.5166747e-08 3.5660174e-08 3.6165261e-08 3.6682087e-08 3.7210712e-08 3.7751175e-08 3.8303496e-08 3.8867672e-08 3.9443675e-08 4.0031454e-08 4.0630929e-08 4.1241994e-08 4.1864511e-08 4.2498312e-08 4.3143198e-08 4.3798937e-08 4.4465260e-08 4.5141867e-08 4.5828419e-08
2.5471895e-08 2.5693092e-08 2.5920138e-08 2.6153229e-08 2.6392562e-08 2.6638338e-08 2.6890761e-08 2.7150041e-08 2.7416388e-08 2.7690017e-08 2.7971145e-08 2.8259990e-08 2.8556774e-08 2.8861720e-08 2.9175053e-08 2.9496997e-08 2.9827778e-08 3.0167622e-08 3.0516752e-08 3.0875394e-08 3.1243769e-08 3.1622095e-08 3.2010589e-08 3.2409463e-08 3.2818924e-08 3.3239172e-08 3.3670403e-08 3.4112803e-08 3.4566549e-08 3.5031810e-08 3.5508742e-08 3.5997490e-08 3.6498185e-08 3.7010941e-08 3.7535860e-08 3.8073020e-08 3.8622486e-08 3.9184298e-08 3.9758475e-08 4.0345011e-08 4.0943876e-08 4.1555012e-08 4.2178332e-08 4.2813718e-08 4.3461023e-08 4.4120065e-08 4.4790628e-08 4.5472460e-08 4.6165273e-08 4.6868742e-08
2.6216098e-08 2.6440214e-08 2.6670177e-08 2.6906183e-08 2.7148437e-08 2.7397143e-08 2.7652514e-08 2.7914764e-08 2.8184110e-08 2.8460773e-08 2.8744980e-08 2.9036957e-08 2.9336934e-08 2.9645144e-08 2.9961821e-08 3.0287201e-08 3.0621521e-08 3.0965019e-08 3.1317931e-08 3.1680495e-08 3.2052946e-08 3.2435519e-08 3.2828444e-08 3.3231950e-08 3.3646261e-08 3.4071594e-08 3.4508163e-08 3.4956172e-08 3.5415820e-08 3.5887295e-08 3.6370773e-08 3.6866420e-08 3.7374389e-08 3.7894818e-08 3.8427829e-08 3.8973526e-08 3.9531994e-08 4.0103299e-08 4.0687482e-08 4.1284561e-08 4.1894529e-08 4.2517352e-08 4.3152964e-08 4.3801272e-08 4.4462148e-08 4.5135430e-08 4.5820923e-08 4.6518392e-08 4.7227566e-08 4.7948135e-08
2.6995541e-08 2.7222892e-08 2.7456079e-08 2.7695302e-08 2.7940770e-08 2.8192695e-08 2.8451291e-08 2.8716780e-08 2.8989386e-08 2.9269337e-08 2.9556865e-08 2.9852207e-08 3.0155600e-08 3.0467287e-08 3.0787511e-08 3.1116519e-08 3.1454558e-08 3.1801879e-08 3.2158731e-08 3.2525364e-08 3.2902028e-08 3.3288971e-08 3.3686441e-08 3.4094681e-08 3.4513932e-08 3.4944430e-08 3.5386407e-08 3.5840087e-08 3.6305688e-08 3.6783418e-08 3.7273475e-08 3.7776048e-08 3.8291312e-08 3.8819428e-08 3.9360542e-08 3.9914782e-08 4.0482258e-08 4.1063061e-08 4.1657256e-08 4.2264888e-08 4.2885975e-08 4.3520507e-08 4.4168443e-08 4.4829715e-08 4.5504218e-08 4.6191814e-08 4.6892329e-08 4.7605550e-08 4.8331224e-08 4.9069060e-08
2.7811821e-08 2.8042761e-08 2.8279519e-08 2.8522301e-08 2.8771318e-08 2.9026786e-08 2.9288927e-08 2.9557966e-08 2.9834133e-08 3.0117664e-08 3.0408798e-08 3.0707777e-08 3.1014849e-08 3.1330264e-08 3.1654276e-08 3.1987142e-08 3.2329120e-08 3.2680471e-08 3.3041457e-08 3.3412342e-08 3.3793389e-08 3.4184862e-08 3.4587022e-08 3.5000129e-08 3.5424443e-08 3.5860216e-08 3.6307699e-08 3.6767136e-08 3.7238765e-08 3.7722815e-08 3.8219507e-08 3.8729052e-08 3.9251648e-08 3.9787481e-08 4.0336721e-08 4.0899523e-08 4.1476022e-08 4.2066334e-08 4.2670553e-08 4.3288751e-08 4.3920971e-08 4.4567232e-08 4.5227520e-08 4.5901792e-08 4.6589971e-08 4.7291945e-08 4.8007562e-08 4.8736635e-08 4.9478934e-08 5.0234187e-08
