Pycode/rasters/qmid.asc
ncols 497
nrows 497
xllcenter 79233.55
yllcenter 236997.02
cellsize 6
nodata_value 0
[rows 264 to 285 of 497, columns 50 to 99 of 497]
3.2469713e-08 3.2913269e-08 3.3365001e-08 3.3825099e-08 3.4293759e-08 3.4771180e-08 3.5257569e-08 3.5753140e-08 3.6258109e-08 3.6772701e-08 3.7297149e-08 3.7831688e-08 3.8376565e-08 3.8932030e-08 3.9498343e-08 4.0075771e-08 4.0664589e-08 4.1265079e-08 4.1877533e-08 4.2502251e-08 4.3139542e-08 4.3789726e-08 4.4453129e-08 4.5130092e-08 4.5820962e-08 4.6526100e-08 4.7245876e-08 4.7980673e-08 4.8730885e-08 4.9496919e-08 5.0279196e-08 5.1078149e-08 5.1894225e-08 5.2727886e-08 5.3579609e-08 5.4449886e-08 5.5339225e-08 5.6248152e-08 5.7177210e-08 5.8126959e-08 5.9097979e-08 6.0090869e-08 6.1106248e-08 6.2144758e-08 6.3207060e-08 6.4293840e-08 6.5405807e-08 6.6543695e-08 6.7708263e-08 6.8900297e-08
3.2074735e-08 3.2511831e-08 3.2956961e-08 3.3410311e-08 3.3872074e-08 3.4342445e-08 3.4821627e-08 3.5309827e-08 3.5807258e-08 3.6314142e-08 3.6830703e-08 3.7357174e-08 3.7893795e-08 3.8440811e-08 3.8998477e-08 3.9567053e-08 4.0146807e-08 4.0738017e-08 4.1340967e-08 4.1955950e-08 4.2583268e-08 4.3223233e-08 4.3876165e-08 4.4542394e-08 4.5222262e-08 4.5916120e-08 4.6624328e-08 4.7347261e-08 4.8085304e-08 4.8838852e-08 4.9608317e-08 5.0394120e-08 5.1196698e-08 5.2016500e-08 5.2853991e-08 5.3709651e-08 5.4583974e-08 5.5477473e-08 5.6390676e-08 5.7324127e-08 5.8278392e-08 5.9254054e-08 6.0251714e-08 6.1271995e-08 6.2315542e-08 6.3383020e-08 6.4475118e-08 6.5592550e-08 6.6736052e-08 6.7906388e-08
3.1676898e-08 3.2107440e-08 3.2545873e-08 3.2992378e-08 3.3447143e-08 3.3910359e-08 3.4382224e-08 3.4862941e-08 3.5352720e-08 3.5851774e-08 3.6360325e-08 3.6878599e-08 3.7406832e-08 3.7945262e-08 3.8494138e-08 3.9053715e-08 3.9624255e-08 4.0206027e-08 4.0799309e-08 4.1404388e-08 4.2021559e-08 4.2651124e-08 4.3293397e-08 4.3948700e-08 4.4617365e-08 4.5299734e-08 4.5996160e-08 4.6707006e-08 4.7432647e-08 4.8173471e-08 4.8929875e-08 4.9702271e-08 5.0491084e-08 5.1296751e-08 5.2119724e-08 5.2960470e-08 5.3819470e-08 5.4697221e-08 5.5594237e-08 5.6511048e-08 5.7448202e-08 5.8406265e-08 5.9385822e-08 6.0387477e-08 6.1411855e-08 6.2459603e-08 6.3531388e-08 6.4627902e-08 6.5749859e-08 6.6897999e-08
3.1276518e-08 3.1700422e-08 3.2132070e-08 3.2571639e-08 3.3019312e-08 3.3475276e-08 3.3939724e-08 3.4412855e-08 3.4894872e-08 3.5385986e-08 3.5886411e-08 3.6396370e-08 3.6916091e-08 3.7445808e-08 3.7985763e-08 3.8536204e-08 3.9097387e-08 3.9669575e-08 4.0253038e-08 4.0848057e-08 4.1454917e-08 4.2073915e-08 4.2705355e-08 4.3349550e-08 4.4006825e-08 4.4677512e-08 4.5361955e-08 4.6060506e-08 4.6773532e-08 4.7501407e-08 4.8244519e-08 4.9003269e-08 4.9778068e-08 5.0569342e-08 5.1377530e-08 5.2203085e-08 5.3046475e-08 5.3908181e-08 5.4788702e-08 5.5688552e-08 5.6608263e-08 5.7548384e-08 5.8509480e-08 5.9492139e-08 6.0496964e-08 6.1524583e-08 6.2575640e-08 6.3650807e-08 6.4750772e-08 6.5876253e-08
3.0873903e-08 3.1291092e-08 3.1715874e-08 3.2148423e-08 3.2588917e-08 3.3037539e-08 3.3494478e-08 3.3959926e-08 3.4434084e-08 3.4917154e-08 3.5409348e-08 3.5910881e-08 3.6421977e-08 3.6942863e-08 3.7473774e-08 3.8014953e-08 3.8566648e-08 3.9129117e-08 3.9702621e-08 4.0287434e-08 4.0883833e-08 4.1492108e-08 4.2112553e-08 4.2745474e-08 4.3391186e-08 4.4050012e-08 4.4722285e-08 4.5408349e-08 4.6108559e-08 4.6823279e-08 4.7552885e-08 4.8297766e-08 4.9058322e-08 4.9834965e-08 5.0628120e-08 5.1438228e-08 5.2265741e-08 5.3111126e-08 5.3974866e-08 5.4857460e-08 5.5759420e-08 5.6681279e-08 5.7623585e-08 5.8586904e-08 5.9571821e-08 6.0578941e-08 6.1608889e-08 6.2662310e-08 6.3739873e-08 6.4842267e-08
3.0469353e-08 3.0879755e-08 3.1297597e-08 3.1723049e-08 3.2156286e-08 3.2597484e-08 3.3046828e-08 3.3504506e-08 3.3970712e-08 3.4445645e-08 3.4929510e-08 3.5422517e-08 3.5924882e-08 3.6436828e-08 3.6958584e-08 3.7490384e-08 3.8032472e-08 3.8585096e-08 3.9148513e-08 3.9722986e-08 4.0308786e-08 4.0906193e-08 4.1515496e-08 4.2136989e-08 4.2770978e-08 4.3417777e-08 4.4077709e-08 4.4751109e-08 4.5438319e-08 4.6139693e-08 4.6855596e-08 4.7586403e-08 4.8332503e-08 4.9094295e-08 4.9872191e-08 5.0666615e-08 5.1478007e-08 5.2306817e-08 5.3153514e-08 5.4018577e-08 5.4902505e-08 5.5805809e-08 5.6729020e-08 5.7672684e-08 5.8637366e-08 5.9623649e-08 6.0632136e-08 6.1663448e-08 6.2718230e-08 6.3797147e-08
3.0063155e-08 3.0466705e-08 3.0877540e-08 3.1295826e-08 3.1721732e-08 3.2155432e-08 3.2597104e-08 3.3046932e-08 3.3505104e-08 3.3971814e-08 3.4447260e-08 3.4931648e-08 3.5425188e-08 3.5928095e-08 3.6440593e-08 3.6962909e-08 3.7495279e-08 3.8037945e-08 3.8591155e-08 3.9155166e-08 3.9730241e-08 4.0316650e-08 4.0914673e-08 4.1524597e-08 4.2146717e-08 4.2781339e-08 4.3428774e-08 4.4089347e-08 4.4763388e-08 4.5451242e-08 4.6153261e-08 4.6869808e-08 4.7601259e-08 4.8347998e-08 4.9110425e-08 4.9888951e-08 5.0683997e-08 5.1496001e-08 5.2325414e-08 5.3172699e-08 5.4038335e-08 5.4922818e-08 5.5826657e-08 5.6750380e-08 5.7694529e-08 5.8659667e-08 5.9646373e-08 6.0655246e-08 6.1686904e-08 6.2741987e-08
2.9655589e-08 3.0052227e-08 3.0455995e-08 3.0867052e-08 3.1285563e-08 3.1711697e-08 3.2145627e-08 3.2587532e-08 3.3037595e-08 3.3496003e-08 3.3962951e-08 3.4438636e-08 3.4923264e-08 3.5417043e-08 3.5920189e-08 3.6432925e-08 3.6955478e-08 3.7488082e-08 3.8030979e-08 3.8584417e-08 3.9148650e-08 3.9723942e-08 4.0310563e-08 4.0908790e-08 4.1518909e-08 4.2141215e-08 4.2776011e-08 4.3423609e-08 4.4084331e-08 4.4758506e-08 4.5446477e-08 4.6148594e-08 4.6865219e-08 4.7596724e-08 4.8343494e-08 4.9105925e-08 4.9884424e-08 5.0679412e-08 5.1491323e-08 5.2320605e-08 5.3167717e-08 5.4033137e-08 5.4917354e-08 5.5820876e-08 5.6744225e-08 5.7687940e-08 5.8652578e-08 5.9638714e-08 6.0646941e-08 6.1677872e-08
2.9246921e-08 2.9636597e-08 3.0033242e-08 3.0437014e-08 3.0848072e-08 3.1266579e-08 3.1692705e-08 3.2126622e-08 3.2568508e-08 3.3018546e-08 3.3476922e-08 3.3943830e-08 3.4419468e-08 3.4904038e-08 3.5397749e-08 3.5900818e-08 3.6413463e-08 3.6935913e-08 3.7468401e-08 3.8011166e-08 3.8564455e-08 3.9128523e-08 3.9703630e-08 4.0290045e-08 4.0888044e-08 4.1497911e-08 4.2119940e-08 4.2754431e-08 4.3401695e-08 4.4062050e-08 4.4735826e-08 4.5423360e-08 4.6125002e-08 4.6841110e-08 4.7572053e-08 4.8318214e-08 4.9079985e-08 4.9857769e-08 5.0651985e-08 5.1463062e-08 5.2291442e-08 5.3137583e-08 5.4001956e-08 5.4885047e-08 5.5787357e-08 5.6709403e-08 5.7651718e-08 5.8614852e-08 5.9599375e-08 6.0605871e-08
2.8837412e-08 2.9220078e-08 2.9609553e-08 3.0005990e-08 3.0409543e-08 3.0820370e-08 3.1238636e-08 3.1664507e-08 3.2098157e-08 3.2539762e-08 3.2989503e-08 3.3447567e-08 3.3914145e-08 3.4389435e-08 3.4873638e-08 3.5366962e-08 3.5869620e-08 3.6381833e-08 3.6903825e-08 3.7435829e-08 3.7978082e-08 3.8530830e-08 3.9094325e-08 3.9668825e-08 4.0254598e-08 4.0851917e-08 4.1461065e-08 4.2082332e-08 4.2716016e-08 4.3362425e-08 4.4021876e-08 4.4694692e-08 4.5381211e-08 4.6081776e-08 4.6796744e-08 4.7526481e-08 4.8271362e-08 4.9031778e-08 4.9808126e-08 5.0600821e-08 5.1410286e-08 5.2236960e-08 5.3081293e-08 5.3943751e-08 5.4824813e-08 5.5724973e-08 5.6644742e-08 5.7584645e-08 5.8545226e-08 5.9527043e-08
2.8427308e-08 2.8802924e-08 2.9185188e-08 2.9574247e-08 2.9970249e-08 3.0373350e-08 3.0783707e-08 3.1201483e-08 3.1626844e-08 3.2059961e-08 3.2501010e-08 3.2950172e-08 3.3407630e-08 3.3873577e-08 3.4348206e-08 3.4831718e-08 3.5324320e-08 3.5826223e-08 3.6337645e-08 3.6858809e-08 3.7389945e-08 3.7931290e-08 3.8483086e-08 3.9045583e-08 3.9619036e-08 4.0203712e-08 4.0799879e-08 4.1407819e-08 4.2027817e-08 4.2660170e-08 4.3305180e-08 4.3963161e-08 4.4634435e-08 4.5319332e-08 4.6018194e-08 4.6731371e-08 4.7459225e-08 4.8202127e-08 4.8960461e-08 4.9734620e-08 5.0525012e-08 5.1332055e-08 5.2156179e-08 5.2997830e-08 5.3857464e-08 5.4735555e-08 5.5632587e-08 5.6549063e-08 5.7485499e-08 5.8442428e-08
2.8016849e-08 2.8385381e-08 2.8760398e-08 2.9142040e-08 2.9530454e-08 2.9925787e-08 3.0328194e-08 3.0737831e-08 3.1154858e-08 3.1579441e-08 3.2011750e-08 3.2451959e-08 3.2900246e-08 3.3356795e-08 3.3821794e-08 3.4295436e-08 3.4777921e-08 3.5269452e-08 3.5770239e-08 3.6280496e-08 3.6800446e-08 3.7330316e-08 3.7870338e-08 3.8420754e-08 3.8981809e-08 3.9553757e-08 4.0136859e-08 4.0731383e-08 4.1337604e-08 4.1955806e-08 4.2586279e-08 4.3229324e-08 4.3885249e-08 4.4554371e-08 4.5237015e-08 4.5933519e-08 4.6644226e-08 4.7369494e-08 4.8109686e-08 4.8865181e-08 4.9636366e-08 5.0423640e-08 5.1227414e-08 5.2048112e-08 5.2886170e-08 5.3742036e-08 5.4616173e-08 5.5509058e-08 5.6421183e-08 5.7353052e-08
2.7606263e-08 2.7967683e-08 2.8335422e-08 2.8709617e-08 2.9090409e-08 2.9477942e-08 2.9872364e-08 3.0273824e-08 3.0682480e-08 3.1098490e-08 3.1522018e-08 3.1953232e-08 3.2392303e-08 3.2839409e-08 3.3294730e-08 3.3758454e-08 3.4230770e-08 3.4711876e-08 3.5201973e-08 3.5701268e-08 3.6209973e-08 3.6728307e-08 3.7256494e-08 3.7794763e-08 3.8343353e-08 3.8902505e-08 3.9472470e-08 4.0053504e-08 4.0645871e-08 4.1249843e-08 4.1865698e-08 4.2493723e-08 4.3134212e-08 4.3787469e-08 4.4453805e-08 4.5133540e-08 4.5827004e-08 4.6534536e-08 4.7256485e-08 4.7993210e-08 4.8745079e-08 4.9512473e-08 5.0295782e-08 5.1095410e-08 5.1911769e-08 5.2745288e-08 5.3596404e-08 5.4465570e-08 5.5353250e-08 5.6259925e-08
2.7195770e-08 2.7550053e-08 2.7910490e-08 2.8277213e-08 2.8650358e-08 2.9030063e-08 2.9416470e-08 2.9809725e-08 3.0209979e-08 3.0617384e-08 3.1032097e-08 3.1454281e-08 3.1884100e-08 3.2321726e-08 3.2767331e-08 3.3221095e-08 3.3683203e-08 3.4153841e-08 3.4633204e-08 3.5121489e-08 3.5618902e-08 3.6125651e-08 3.6641950e-08 3.7168021e-08 3.7704091e-08 3.8250391e-08 3.8807160e-08 3.9374645e-08 3.9953098e-08 4.0542777e-08 4.1143948e-08 4.1756886e-08 4.2381871e-08 4.3019191e-08 4.3669145e-08 4.4332037e-08 4.5008181e-08 4.5697900e-08 4.6401524e-08 4.7119396e-08 4.7851865e-08 4.8599292e-08 4.9362049e-08 5.0140517e-08 5.0935087e-08 5.1746165e-08 5.2574166e-08 5.3419516e-08 5.4282656e-08 5.5164038e-08
2.6785578e-08 2.7132707e-08 2.7485823e-08 2.7845055e-08 2.8210531e-08 2.8582387e-08 2.8960758e-08 2.9345785e-08 2.9737612e-08 3.0136386e-08 3.0542259e-08 3.0955386e-08 3.1375926e-08 3.1804042e-08 3.2239901e-08 3.2683675e-08 3.3135541e-08 3.3595677e-08 3.4064271e-08 3.4541512e-08 3.5027595e-08 3.5522721e-08 3.6027094e-08 3.6540926e-08 3.7064433e-08 3.7597838e-08 3.8141368e-08 3.8695259e-08 3.9259749e-08 3.9835087e-08 4.0421525e-08 4.1019325e-08 4.1628754e-08 4.2250086e-08 4.2883604e-08 4.3529598e-08 4.4188365e-08 4.4860212e-08 4.5545454e-08 4.6244413e-08 4.6957423e-08 4.7684823e-08 4.8426966e-08 4.9184211e-08 4.9956930e-08 5.0745505e-08 5.1550327e-08 5.2371799e-08 5.3210335e-08 5.4066363e-08
2.6375887e-08 2.6715850e-08 2.7061632e-08 2.7413358e-08 2.7771152e-08 2.8135143e-08 2.8505462e-08 2.8882244e-08 2.9265627e-08 2.9655753e-08 3.0052767e-08 3.0456817e-08 3.0868057e-08 3.1286642e-08 3.1712734e-08 3.2146495e-08 3.2588095e-08 3.3037706e-08 3.3495506e-08 3.3961677e-08 3.4436404e-08 3.4919879e-08 3.5412298e-08 3.5913862e-08 3.6424777e-08 3.6945257e-08 3.7475517e-08 3.8015780e-08 3.8566276e-08 3.9127240e-08 3.9698912e-08 4.0281540e-08 4.0875377e-08 4.1480685e-08 4.2097732e-08 4.2726792e-08 4.3368147e-08 4.4022087e-08 4.4688909e-08 4.5368920e-08 4.6062433e-08 4.6769771e-08 4.7491264e-08 4.8227253e-08 4.8978087e-08 4.9744125e-08 5.0525737e-08 5.1323300e-08 5.2137205e-08 5.2967851e-08
2.5966890e-08 2.6299678e-08 2.6638119e-08 2.6982330e-08 2.7332432e-08 2.7688549e-08 2.8050806e-08 2.8419332e-08 2.8794261e-08 2.9175727e-08 2.9563870e-08 2.9958832e-08 3.0360759e-08 3.0769801e-08 3.1186110e-08 3.1609845e-08 3.2041165e-08 3.2480236e-08 3.2927227e-08 3.3382311e-08 3.3845666e-08 3.4317473e-08 3.4797921e-08 3.5287200e-08 3.5785507e-08 3.6293043e-08 3.6810014e-08 3.7336633e-08 3.7873117e-08 3.8419688e-08 3.8976575e-08 3.9544013e-08 4.0122242e-08 4.0711509e-08 4.1312067e-08 4.1924176e-08 4.2548102e-08 4.3184119e-08 4.3832508e-08 4.4493557e-08 4.5167562e-08 4.5854826e-08 4.6555660e-08 4.7270384e-08 4.7999328e-08 4.8742826e-08 4.9501227e-08 5.0274884e-08 5.1064162e-08 5.1869435e-08
2.5558767e-08 2.5884378e-08 2.6215474e-08 2.6552168e-08 2.6894575e-08 2.7242814e-08 2.7597005e-08 2.7957271e-08 2.8323741e-08 2.8696543e-08 2.9075810e-08 2.9461678e-08 2.9854288e-08 3.0253780e-08 3.0660303e-08 3.1074004e-08 3.1495039e-08 3.1923563e-08 3.2359739e-08 3.2803730e-08 3.3255707e-08 3.3715842e-08 3.4184312e-08 3.4661300e-08 3.5146993e-08 3.5641580e-08 3.6145258e-08 3.6658228e-08 3.7180695e-08 3.7712870e-08 3.8254970e-08 3.8807215e-08 3.9369834e-08 3.9943059e-08 4.0527129e-08 4.1122289e-08 4.1728790e-08 4.2346890e-08 4.2976852e-08 4.3618948e-08 4.4273455e-08 4.4940658e-08 4.5620849e-08 4.6314329e-08 4.7021403e-08 4.7742388e-08 4.8477606e-08 4.9227390e-08 4.9992080e-08 5.0772024e-08
2.5151692e-08 2.5470128e-08 2.5793881e-08 2.6123060e-08 2.6457774e-08 2.6798137e-08 2.7144263e-08 2.7496272e-08 2.7854285e-08 2.8218424e-08 2.8588817e-08 2.8965594e-08 2.9348887e-08 2.9738833e-08 3.0135570e-08 3.0539241e-08 3.0949993e-08 3.1367974e-08 3.1793337e-08 3.2226240e-08 3.2666842e-08 3.3115308e-08 3.3571806e-08 3.4036509e-08 3.4509593e-08 3.4991238e-08 3.5481631e-08 3.5980960e-08 3.6489420e-08 3.7007210e-08 3.7534534e-08 3.8071601e-08 3.8618625e-08 3.9175825e-08 3.9743425e-08 4.0321657e-08 4.0910756e-08 4.1510963e-08 4.2122526e-08 4.2745699e-08 4.3380743e-08 4.4027922e-08 4.4687512e-08 4.5359790e-08 4.6045045e-08 4.6743570e-08 4.7455666e-08 4.8181642e-08 4.8921814e-08 4.9676506e-08
2.4745830e-08 2.5057098e-08 2.5373515e-08 2.5695185e-08 2.6022214e-08 2.6354708e-08 2.6692778e-08 2.7036536e-08 2.7386099e-08 2.7741584e-08 2.8103112e-08 2.8470805e-08 2.8844792e-08 2.9225200e-08 2.9612162e-08 3.0005813e-08 3.0406292e-08 3.0813741e-08 3.1228305e-08 3.1650131e-08 3.2079373e-08 3.2516185e-08 3.2960726e-08 3.3413160e-08 3.3873653e-08 3.4342375e-08 3.4819502e-08 3.5305212e-08 3.5799689e-08 3.6303119e-08 3.6815694e-08 3.7337611e-08 3.7869070e-08 3.8410278e-08 3.8961446e-08 3.9522788e-08 4.0094525e-08 4.0676885e-08 4.1270098e-08 4.1874401e-08 4.2490036e-08 4.3117253e-08 4.3756306e-08 4.4407455e-08 4.5070966e-08 4.5747112e-08 4.6436174e-08 4.7138436e-08 4.7854193e-08 4.8583743e-08
2.4341338e-08 2.4645449e-08 2.4954542e-08 2.5268715e-08 2.5588070e-08 2.5912708e-08 2.6242734e-08 2.6578256e-08 2.6919383e-08 2.7266228e-08 2.7618905e-08 2.7977531e-08 2.8342226e-08 2.8713113e-08 2.9090317e-08 2.9473967e-08 2.9864193e-08 3.0261130e-08 3.0664914e-08 3.1075687e-08 3.1493591e-08 3.1918773e-08 3.2351383e-08 3.2791575e-08 3.3239506e-08 3.3695336e-08 3.4159230e-08 3.4631355e-08 3.5111884e-08 3.5600992e-08 3.6098860e-08 3.6605671e-08 3.7121613e-08 3.7646879e-08 3.8181665e-08 3.8726174e-08 3.9280611e-08 3.9845187e-08 4.0420118e-08 4.1005624e-08 4.1601930e-08 4.2209268e-08 4.2827873e-08 4.3457987e-08 4.4099857e-08 4.4753734e-08 4.5419878e-08 4.6098551e-08 4.6790025e-08 4.7494576e-08
2.3938363e-08 2.4235333e-08 2.4537118e-08 2.4843812e-08 2.5155510e-08 2.5472310e-08 2.5794311e-08 2.6121615e-08 2.6454326e-08 2.6792551e-08 2.7136398e-08 2.7485978e-08 2.7841405e-08 2.8202795e-08 2.8570266e-08 2.8943940e-08 2.9323940e-08 2.9710392e-08 3.0103427e-08 3.0503177e-08 3.0909775e-08 3.1323362e-08 3.1744077e-08 3.2172065e-08 3.2607473e-08 3.3050453e-08 3.3501158e-08 3.3959745e-08 3.4426376e-08 3.4901215e-08 3.5384430e-08 3.5876193e-08 3.6376679e-08 3.6886069e-08 3.7404544e-08 3.7932294e-08 3.8469508e-08 3.9016384e-08 3.9573121e-08 4.0139923e-08 4.0717000e-08 4.1304565e-08 4.1902835e-08 4.2512034e-08 4.3132389e-08 4.3764132e-08 4.4407502e-08 4.5062740e-08 4.5730095e-08 4.6409819e-08
