Pycode/rasters/qmid.asc
ncols 497
nrows 497
xllcenter 79233.55
yllcenter 236997.02
cellsize 6
nodata_value 0
[rows 308 to 329 of 497, columns 0 to 49 of 497]
6.6113452e-09 9.3845850e-09 9.8554594e-09 9.9433960e-09 1.0032286e-08 1.0122141e-08 1.0212970e-08 1.0304783e-08 1.0397592e-08 1.0491407e-08 1.0586238e-08 1.0682096e-08 1.0778991e-08 1.0876935e-08 1.0975938e-08 1.1076011e-08 1.1177164e-08 1.1279409e-08 1.1382756e-08 1.1487216e-08 1.1592799e-08 1.1699518e-08 1.1807382e-08 1.1916403e-08 1.2026592e-08 1.2137958e-08 1.2250514e-08 1.2364269e-08 1.2479236e-08 1.2595423e-08 1.2712842e-08 1.2831505e-08 1.2951420e-08 1.3072599e-08 1.3195051e-08 1.3318788e-08 1.3443820e-08 1.3570156e-08 1.3697807e-08 1.3826782e-08 1.3957091e-08 1.4088744e-08 1.4221750e-08 1.4356118e-08 1.4491857e-08 1.4628976e-08 1.4767483e-08 1.4907387e-08 1.5048696e-08 1.5191418e-08
6.5041627e-09 9.2319650e-09 9.6944263e-09 9.7800861e-09 9.8666579e-09 9.9541509e-09 1.0042575e-08 1.0131939e-08 1.0222253e-08 1.0313526e-08 1.0405768e-08 1.0498989e-08 1.0593198e-08 1.0688404e-08 1.0784618e-08 1.0881849e-08 1.0980106e-08 1.1079400e-08 1.1179740e-08 1.1281135e-08 1.1383596e-08 1.1487132e-08 1.1591752e-08 1.1697466e-08 1.1804284e-08 1.1912214e-08 1.2021267e-08 1.2131452e-08 1.2242778e-08 1.2355254e-08 1.2468890e-08 1.2583694e-08 1.2699676e-08 1.2816844e-08 1.2935207e-08 1.3054774e-08 1.3175553e-08 1.3297552e-08 1.3420780e-08 1.3545245e-08 1.3670954e-08 1.3797916e-08 1.3926137e-08 1.4055625e-08 1.4186386e-08 1.4318428e-08 1.4451757e-08 1.4586380e-08 1.4722301e-08 1.4859527e-08
6.3978689e-09 9.0806108e-09 9.5347300e-09 9.6181332e-09 9.7024071e-09 9.7875602e-09 9.8736010e-09 9.9605381e-09 1.0048380e-08 1.0137136e-08 1.0226813e-08 1.0317422e-08 1.0408969e-08 1.0501465e-08 1.0594917e-08 1.0689334e-08 1.0784724e-08 1.0881097e-08 1.0978461e-08 1.1076823e-08 1.1176193e-08 1.1276580e-08 1.1377990e-08 1.1480433e-08 1.1583917e-08 1.1688450e-08 1.1794040e-08 1.1900694e-08 1.2008422e-08 1.2117230e-08 1.2227127e-08 1.2338120e-08 1.2450216e-08 1.2563423e-08 1.2677747e-08 1.2793196e-08 1.2909777e-08 1.3027497e-08 1.3146361e-08 1.3266376e-08 1.3387548e-08 1.3509883e-08 1.3633387e-08 1.3758065e-08 1.3883921e-08 1.4010961e-08 1.4139190e-08 1.4268611e-08 1.4399228e-08 1.4531045e-08
6.2924606e-09 8.9305185e-09 9.3763664e-09 9.4575335e-09 9.5395305e-09 9.6223651e-09 9.7060450e-09 9.7905778e-09 9.8759713e-09 9.9622332e-09 1.0049371e-08 1.0137392e-08 1.0226305e-08 1.0316117e-08 1.0406834e-08 1.0498466e-08 1.0591019e-08 1.0684502e-08 1.0778920e-08 1.0874282e-08 1.0970595e-08 1.1067866e-08 1.1166102e-08 1.1265310e-08 1.1365498e-08 1.1466672e-08 1.1568839e-08 1.1672005e-08 1.1776177e-08 1.1881362e-08 1.1987565e-08 1.2094794e-08 1.2203053e-08 1.2312349e-08 1.2422687e-08 1.2534073e-08 1.2646512e-08 1.2760010e-08 1.2874570e-08 1.2990197e-08 1.3106897e-08 1.3224672e-08 1.3343528e-08 1.3463466e-08 1.3584492e-08 1.3706607e-08 1.3829814e-08 1.3954116e-08 1.4079515e-08 1.4206011e-08
6.1879347e-09 8.7816835e-09 9.2193310e-09 9.2982827e-09 9.3780241e-09 9.4585620e-09 9.5399035e-09 9.6220551e-09 9.7050238e-09 9.7888164e-09 9.8734395e-09 9.9588999e-09 1.0045204e-08 1.0132359e-08 1.0220371e-08 1.0309247e-08 1.0398992e-08 1.0489615e-08 1.0581120e-08 1.0673514e-08 1.0766803e-08 1.0860994e-08 1.0956092e-08 1.1052103e-08 1.1149033e-08 1.1246888e-08 1.1345672e-08 1.1445392e-08 1.1546053e-08 1.1647659e-08 1.1750216e-08 1.1853729e-08 1.1958201e-08 1.2063638e-08 1.2170044e-08 1.2277422e-08 1.2385776e-08 1.2495110e-08 1.2605428e-08 1.2716731e-08 1.2829024e-08 1.2942308e-08 1.3056585e-08 1.3171858e-08 1.3288128e-08 1.3405396e-08 1.3523664e-08 1.3642931e-08 1.3763197e-08 1.3884464e-08
6.0842875e-09 8.6341010e-09 9.0636190e-09 9.1403762e-09 9.2178836e-09 9.2961471e-09 9.3751728e-09 9.4549667e-09 9.5355347e-09 9.6168827e-09 9.6990166e-09 9.7819422e-09 9.8656652e-09 9.9501913e-09 1.0035526e-08 1.0121675e-08 1.0208644e-08 1.0296438e-08 1.0385062e-08 1.0474522e-08 1.0564822e-08 1.0655968e-08 1.0747965e-08 1.0840816e-08 1.0934528e-08 1.1029104e-08 1.1124548e-08 1.1220865e-08 1.1318058e-08 1.1416133e-08 1.1515091e-08 1.1614937e-08 1.1715674e-08 1.1817304e-08 1.1919832e-08 1.2023258e-08 1.2127586e-08 1.2232818e-08 1.2338956e-08 1.2446000e-08 1.2553952e-08 1.2662814e-08 1.2772586e-08 1.2883267e-08 1.2994859e-08 1.3107360e-08 1.3220771e-08 1.3335088e-08 1.3450312e-08 1.3566440e-08
5.9815155e-09 8.4877659e-09 8.9092255e-09 8.9838095e-09 9.0591046e-09 9.1351161e-09 9.2118491e-09 9.2893090e-09 9.3675007e-09 9.4464294e-09 9.5261000e-09 9.6065175e-09 9.6876867e-09 9.7696123e-09 9.8522991e-09 9.9357517e-09 1.0019975e-08 1.0104972e-08 1.0190748e-08 1.0277308e-08 1.0364654e-08 1.0452792e-08 1.0541724e-08 1.0631455e-08 1.0721988e-08 1.0813326e-08 1.0905473e-08 1.0998431e-08 1.1092203e-08 1.1186792e-08 1.1282201e-08 1.1378430e-08 1.1475483e-08 1.1573362e-08 1.1672067e-08 1.1771599e-08 1.1871961e-08 1.1973152e-08 1.2075173e-08 1.2178024e-08 1.2281706e-08 1.2386216e-08 1.2491555e-08 1.2597721e-08 1.2704714e-08 1.2812529e-08 1.2921167e-08 1.3030623e-08 1.3140894e-08 1.3251978e-08
5.8796149e-09 8.3426733e-09 8.7561454e-09 8.8285777e-09 8.9016826e-09 8.9754648e-09 9.0499286e-09 9.1250785e-09 9.2009188e-09 9.2774537e-09 9.3546873e-09 9.4326238e-09 9.5112671e-09 9.5906210e-09 9.6706895e-09 9.7514762e-09 9.8329846e-09 9.9152182e-09 9.9981803e-09 1.0081874e-08 1.0166303e-08 1.0251469e-08 1.0337375e-08 1.0424025e-08 1.0511420e-08 1.0599563e-08 1.0688455e-08 1.0778099e-08 1.0868497e-08 1.0959648e-08 1.1051556e-08 1.1144221e-08 1.1237644e-08 1.1331825e-08 1.1426764e-08 1.1522462e-08 1.1618917e-08 1.1716131e-08 1.1814101e-08 1.1912827e-08 1.2012306e-08 1.2112537e-08 1.2213519e-08 1.2315247e-08 1.2417720e-08 1.2520933e-08 1.2624884e-08 1.2729567e-08 1.2834979e-08 1.2941113e-08
5.7785820e-09 8.1988179e-09 8.6043737e-09 8.6746759e-09 8.7456132e-09 8.8171891e-09 8.8894074e-09 8.9622718e-09 9.0357858e-09 9.1099528e-09 9.1847762e-09 9.2602592e-09 9.3364049e-09 9.4132165e-09 9.4906969e-09 9.5688488e-09 9.6476749e-09 9.7271778e-09 9.8073599e-09 9.8882233e-09 9.9697703e-09 1.0052003e-08 1.0134922e-08 1.0218531e-08 1.0302830e-08 1.0387820e-08 1.0473502e-08 1.0559878e-08 1.0646948e-08 1.0734711e-08 1.0823170e-08 1.0912322e-08 1.1002168e-08 1.1092707e-08 1.1183939e-08 1.1275861e-08 1.1368474e-08 1.1461773e-08 1.1555759e-08 1.1650427e-08 1.1745776e-08 1.1841802e-08 1.1938502e-08 1.2035871e-08 1.2133906e-08 1.2232602e-08 1.2331953e-08 1.2431954e-08 1.2532599e-08 1.2633881e-08
5.6784132e-09 8.0561948e-09 8.4539052e-09 8.5220996e-09 8.5908918e-09 8.6602849e-09 8.7302819e-09 8.8008855e-09 8.8720988e-09 8.9439242e-09 9.0163645e-09 9.0894220e-09 9.1630991e-09 9.2373981e-09 9.3123210e-09 9.3878698e-09 9.4640463e-09 9.5408523e-09 9.6182891e-09 9.6963582e-09 9.7750607e-09 9.8543977e-09 9.9343700e-09 1.0014978e-08 1.0096223e-08 1.0178104e-08 1.0260622e-08 1.0343776e-08 1.0427566e-08 1.0511992e-08 1.0597052e-08 1.0682745e-08 1.0769070e-08 1.0856025e-08 1.0943607e-08 1.1031816e-08 1.1120647e-08 1.1210099e-08 1.1300167e-08 1.1390849e-08 1.1482139e-08 1.1574035e-08 1.1666530e-08 1.1759620e-08 1.1853300e-08 1.1947564e-08 1.2042404e-08 1.2137815e-08 1.2233789e-08 1.2330318e-08
5.5791048e-09 7.9147990e-09 8.3047352e-09 8.3708441e-09 8.4375143e-09 8.5047483e-09 8.5725483e-09 8.6409165e-09 8.7098549e-09 8.7793656e-09 8.8494503e-09 8.9201108e-09 8.9913486e-09 9.0631652e-09 9.1355619e-09 9.2085398e-09 9.2821000e-09 9.3562433e-09 9.4309703e-09 9.5062816e-09 9.5821775e-09 9.6586581e-09 9.7357234e-09 9.8133730e-09 9.8916066e-09 9.9704234e-09 1.0049822e-08 1.0129803e-08 1.0210363e-08 1.0291501e-08 1.0373215e-08 1.0455503e-08 1.0538363e-08 1.0621791e-08 1.0705785e-08 1.0790341e-08 1.0875456e-08 1.0961126e-08 1.1047346e-08 1.1134111e-08 1.1221417e-08 1.1309258e-08 1.1397628e-08 1.1486521e-08 1.1575931e-08 1.1665849e-08 1.1756269e-08 1.1847183e-08 1.1938582e-08 1.2030457e-08
5.4806533e-09 7.7746258e-09 8.1568590e-09 8.2209051e-09 8.2854767e-09 8.3505757e-09 8.4162035e-09 8.4823618e-09 8.5490518e-09 8.6162749e-09 8.6840321e-09 8.7523244e-09 8.8211528e-09 8.8905177e-09 8.9604200e-09 9.0308598e-09 9.1018375e-09 9.1733530e-09 9.2454063e-09 9.3179971e-09 9.3911248e-09 9.4647887e-09 9.5389880e-09 9.6137214e-09 9.6889877e-09 9.7647854e-09 9.8411125e-09 9.9179670e-09 9.9953466e-09 1.0073249e-08 1.0151671e-08 1.0230609e-08 1.0310061e-08 1.0390022e-08 1.0470488e-08 1.0551456e-08 1.0632920e-08 1.0714875e-08 1.0797316e-08 1.0880238e-08 1.0963634e-08 1.1047498e-08 1.1131822e-08 1.1216600e-08 1.1301825e-08 1.1387486e-08 1.1473578e-08 1.1560089e-08 1.1647011e-08 1.1734334e-08
5.3830555e-09 7.6356708e-09 8.0102722e-09 8.0722785e-09 8.1347753e-09 8.1977637e-09 8.2612446e-09 8.3252189e-09 8.3896873e-09 8.4546504e-09 8.5201086e-09 8.5860622e-09 8.6525113e-09 8.7194560e-09 8.7868961e-09 8.8548311e-09 8.9232607e-09 8.9921840e-09 9.0616003e-09 9.1315084e-09 9.2019070e-09 9.2727947e-09 9.3441697e-09 9.4160302e-09 9.4883739e-09 9.5611984e-09 9.6345011e-09 9.7082792e-09 9.7825294e-09 9.8572483e-09 9.9324322e-09 1.0008077e-08 1.0084179e-08 1.0160732e-08 1.0237733e-08 1.0315176e-08 1.0393055e-08 1.0471365e-08 1.0550099e-08 1.0629250e-08 1.0708812e-08 1.0788777e-08 1.0869137e-08 1.0949884e-08 1.1031010e-08 1.1112505e-08 1.1194360e-08 1.1276565e-08 1.1359110e-08 1.1441983e-08
5.2863083e-09 7.4979298e-09 7.8649710e-09 7.9249609e-09 7.9854069e-09 8.0463095e-09 8.1076691e-09 8.1694858e-09 8.2317598e-09 8.2944910e-09 8.3576791e-09 8.4213238e-09 8.4854246e-09 8.5499808e-09 8.6149915e-09 8.6804557e-09 8.7463722e-09 8.8127395e-09 8.8795560e-09 8.9468200e-09 9.0145294e-09 9.0826819e-09 9.1512752e-09 9.2203065e-09 9.2897729e-09 9.3596712e-09 9.4299980e-09 9.5007496e-09 9.5719221e-09 9.6435112e-09 9.7155124e-09 9.7879209e-09 9.8607315e-09 9.9339389e-09 1.0007537e-08 1.0081521e-08 1.0155882e-08 1.0230616e-08 1.0305714e-08 1.0381170e-08 1.0456974e-08 1.0533120e-08 1.0609598e-08 1.0686399e-08 1.0763515e-08 1.0840934e-08 1.0918647e-08 1.0996642e-08 1.1074910e-08 1.1153437e-08
5.1904090e-09 7.3613991e-09 7.7209517e-09 7.7789489e-09 7.8373686e-09 7.8962106e-09 7.9554748e-09 8.0151608e-09 8.0752680e-09 8.1357958e-09 8.1967433e-09 8.2581096e-09 8.3198934e-09 8.3820934e-09 8.4447082e-09 8.5077360e-09 8.5711750e-09 8.6350230e-09 8.6992778e-09 8.7639368e-09 8.8289975e-09 8.8944567e-09 8.9603114e-09 9.0265582e-09 9.0931934e-09 9.1602132e-09 9.2276133e-09 9.2953893e-09 9.3635366e-09 9.4320502e-09 9.5009248e-09 9.5701549e-09 9.6397345e-09 9.7096576e-09 9.7799175e-09 9.8505075e-09 9.9214204e-09 9.9926486e-09 1.0064184e-08 1.0136019e-08 1.0208145e-08 1.0280552e-08 1.0353231e-08 1.0426173e-08 1.0499366e-08 1.0572802e-08 1.0646467e-08 1.0720352e-08 1.0794443e-08 1.0868729e-08
5.0953550e-09 7.2260754e-09 7.5782112e-09 7.6342398e-09 7.6906580e-09 7.7474651e-09 7.8046604e-09 7.8622429e-09 7.9202114e-09 7.9785648e-09 8.0373016e-09 8.0964202e-09 8.1559189e-09 8.2157957e-09 8.2760486e-09 8.3366750e-09 8.3976727e-09 8.4590388e-09 8.5207704e-09 8.5828645e-09 8.6453175e-09 8.7081260e-09 8.7712861e-09 8.8347938e-09 8.8986447e-09 8.9628342e-09 9.0273577e-09 9.0922098e-09 9.1573854e-09 9.2228786e-09 9.2886837e-09 9.3547942e-09 9.4212037e-09 9.4879052e-09 9.5548916e-09 9.6221554e-09 9.6896886e-09 9.7574832e-09 9.8255303e-09 9.8938213e-09 9.9623466e-09 1.0031097e-08 1.0100061e-08 1.0169230e-08 1.0238593e-08 1.0308137e-08 1.0377851e-08 1.0447723e-08 1.0517741e-08 1.0587891e-08
5.0011444e-09 7.0919560e-09 7.4367469e-09 7.4908314e-09 7.5452734e-09 7.6000716e-09 7.6552248e-09 7.7107314e-09 7.7665899e-09 7.8227984e-09 7.8793549e-09 7.9362573e-09 7.9935033e-09 8.0510903e-09 8.1090157e-09 8.1672765e-09 8.2258697e-09 8.2847919e-09 8.3440396e-09 8.4036091e-09 8.4634964e-09 8.5236974e-09 8.5842075e-09 8.6450222e-09 8.7061364e-09 8.7675450e-09 8.8292426e-09 8.8912233e-09 8.9534813e-09 9.0160102e-09 9.0788035e-09 9.1418543e-09 9.2051553e-09 9.2686991e-09 9.3324779e-09 9.3964834e-09 9.4607073e-09 9.5251407e-09 9.5897743e-09 9.6545987e-09 9.7196038e-09 9.7847795e-09 9.8501150e-09 9.9155992e-09 9.9812208e-09 1.0046968e-08 1.0112828e-08 1.0178788e-08 1.0244835e-08 1.0310956e-08
4.9077752e-09 6.9590386e-09 7.2965570e-09 7.3487222e-09 7.4012135e-09 7.4540293e-09 7.5071677e-09 7.5606266e-09 7.6144041e-09 7.6684976e-09 7.7229048e-09 7.7776229e-09 7.8326491e-09 7.8879804e-09 7.9436134e-09 7.9995448e-09 8.0557709e-09 8.1122878e-09 8.1690915e-09 8.2261777e-09 8.2835418e-09 8.3411791e-09 8.3990847e-09 8.4572531e-09 8.5156790e-09 8.5743566e-09 8.6332799e-09 8.6924425e-09 8.7518380e-09 8.8114594e-09 8.8712996e-09 8.9313511e-09 8.9916063e-09 9.0520570e-09 9.1126948e-09 9.1735111e-09 9.2344967e-09 9.2956424e-09 9.3569383e-09 9.4183743e-09 9.4799401e-09 9.5416248e-09 9.6034172e-09 9.6653057e-09 9.7272783e-09 9.7893227e-09 9.8514260e-09 9.9135751e-09 9.9757563e-09 1.0037956e-08
4.8152462e-09 6.8273215e-09 7.1576399e-09 7.2079111e-09 7.2584779e-09 7.3093381e-09 7.3604894e-09 7.4119293e-09 7.4636552e-09 7.5156643e-09 7.5679536e-09 7.6205198e-09 7.6733598e-09 7.7264698e-09 7.7798462e-09 7.8334850e-09 7.8873820e-09 7.9415329e-09 7.9959331e-09 8.0505778e-09 8.1054620e-09 8.1605802e-09 8.2159272e-09 8.2714970e-09 8.3272837e-09 8.3832809e-09 8.4394823e-09 8.4958808e-09 8.5524695e-09 8.6092410e-09 8.6661876e-09 8.7233013e-09 8.7805740e-09 8.8379970e-09 8.8955614e-09 8.9532581e-09 9.0110774e-09 9.0690097e-09 9.1270445e-09 9.1851714e-09 9.2433795e-09 9.3016574e-09 9.3599936e-09 9.4183761e-09 9.4767923e-09 9.5352296e-09 9.5936748e-09 9.6521142e-09 9.7105340e-09 9.7689197e-09
4.7235565e-09 6.6968037e-09 7.0199949e-09 7.0683978e-09 7.1170665e-09 7.1659985e-09 7.2151909e-09 7.2646408e-09 7.3143452e-09 7.3643008e-09 7.4145042e-09 7.4649516e-09 7.5156393e-09 7.5665632e-09 7.6177192e-09 7.6691028e-09 7.7207094e-09 7.7725342e-09 7.8245721e-09 7.8768178e-09 7.9292658e-09 7.9819103e-09 8.0347454e-09 8.0877648e-09 8.1409621e-09 8.1943304e-09 8.2478629e-09 8.3015521e-09 8.3553906e-09 8.4093705e-09 8.4634837e-09 8.5177218e-09 8.5720761e-09 8.6265376e-09 8.6810970e-09 8.7357445e-09 8.7904704e-09 8.8452642e-09 8.9001154e-09 8.9550131e-09 9.0099458e-09 9.0649020e-09 9.1198697e-09 9.1748365e-09 9.2297896e-09 9.2847159e-09 9.3396021e-09 9.3944341e-09 9.4491977e-09 9.5038783e-09
4.6327055e-09 6.5674847e-09 6.8836220e-09 6.9301827e-09 6.9769803e-09 7.0240117e-09 7.0712739e-09 7.1187635e-09 7.1664769e-09 7.2144104e-09 7.2625603e-09 7.3109223e-09 7.3594924e-09 7.4082659e-09 7.4572384e-09 7.5064049e-09 7.5557603e-09 7.6052994e-09 7.6550168e-09 7.7049066e-09 7.7549629e-09 7.8051797e-09 7.8555504e-09 7.9060683e-09 7.9567266e-09 8.0075182e-09 8.0584355e-09 8.1094709e-09 8.1606164e-09 8.2118639e-09 8.2632047e-09 8.3146300e-09 8.3661309e-09 8.4176978e-09 8.4693211e-09 8.5209908e-09 8.5726966e-09 8.6244279e-09 8.6761736e-09 8.7279225e-09 8.7796630e-09 8.8313831e-09 8.8830706e-09 8.9347127e-09 8.9862966e-09 9.0378087e-09 9.0892355e-09 9.1405628e-09 9.1917761e-09 9.2428606e-09
4.5426933e-09 6.4393648e-09 6.7485218e-09 6.7932668e-09 6.8382206e-09 6.8833798e-09 6.9287409e-09 6.9743000e-09 7.0200535e-09 7.0659970e-09 7.1121264e-09 7.1584371e-09 7.2049246e-09 7.2515841e-09 7.2984104e-09 7.3453983e-09 7.3925424e-09 7.4398370e-09 7.4872762e-09 7.5348539e-09 7.5825638e-09 7.6303993e-09 7.6783536e-09 7.7264197e-09 7.7745903e-09 7.8228578e-09 7.8712145e-09 7.9196522e-09 7.9681628e-09 8.0167375e-09 8.0653675e-09 8.1140438e-09 8.1627567e-09 8.2114967e-09 8.2602538e-09 8.3090175e-09 8.3577774e-09 8.4065224e-09 8.4552414e-09 8.5039229e-09 8.5525548e-09 8.6011251e-09 8.6496213e-09 8.6980304e-09 8.7463393e-09 8.7945344e-09 8.8426019e-09 8.8905276e-09 8.9382968e-09 8.9858946e-09
