Pycode/rasters/qmid.asc
ncols 497
nrows 497
xllcenter 79233.55
yllcenter 236997.02
cellsize 6
nodata_value 0
[rows 374 to 395 of 497, columns 300 to 349 of 497]
1.2416544e-09 1.2768068e-09 1.3120689e-09 1.3474131e-09 1.3828119e-09 1.4182377e-09 1.4536635e-09 1.4890622e-09 1.5244071e-09 1.5596718e-09 1.5948303e-09 1.6298569e-09 1.6647264e-09 1.6994142e-09 1.7338959e-09 1.7681478e-09 1.8021469e-09 1.8358705e-09 1.8692967e-09 1.9024041e-09 1.9351721e-09 1.9675807e-09 1.9996105e-09 2.0312429e-09 2.0624599e-09 2.0932443e-09 2.1235796e-09 2.1534501e-09 2.1828407e-09 2.2117370e-09 2.2401256e-09 2.2679936e-09 2.2953288e-09 2.3221200e-09 2.3483564e-09 2.3740282e-09 2.3991261e-09 2.4236417e-09 2.4475671e-09 2.4708953e-09 2.4936198e-09 2.5157348e-09 2.5372353e-09 2.5581168e-09 2.5783754e-09 2.5980079e-09 2.6170118e-09 2.6353849e-09 2.6531259e-09 2.6702338e-09
1.1863765e-09 1.2203553e-09 1.2544611e-09 1.2886675e-09 1.3229481e-09 1.3572768e-09 1.3916273e-09 1.4259737e-09 1.4602903e-09 1.4945515e-09 1.5287323e-09 1.5628078e-09 1.5967535e-09 1.6305455e-09 1.6641602e-09 1.6975744e-09 1.7307656e-09 1.7637116e-09 1.7963911e-09 1.8287829e-09 1.8608669e-09 1.8926232e-09 1.9240328e-09 1.9550772e-09 1.9857385e-09 2.0159997e-09 2.0458443e-09 2.0752566e-09 2.1042214e-09 2.1327243e-09 2.1607518e-09 2.1882906e-09 2.2153287e-09 2.2418543e-09 2.2678566e-09 2.2933253e-09 2.3182509e-09 2.3426245e-09 2.3664380e-09 2.3896839e-09 2.4123552e-09 2.4344458e-09 2.4559501e-09 2.4768630e-09 2.4971803e-09 2.5168982e-09 2.5360135e-09 2.5545237e-09 2.5724267e-09 2.5897210e-09
1.1336078e-09 1.1664454e-09 1.1994257e-09 1.2325234e-09 1.2657135e-09 1.2989706e-09 1.3322697e-09 1.3655858e-09 1.3988943e-09 1.4321706e-09 1.4653903e-09 1.4985294e-09 1.5315644e-09 1.5644719e-09 1.5972289e-09 1.6298130e-09 1.6622022e-09 1.6943748e-09 1.7263099e-09 1.7579869e-09 1.7893859e-09 1.8204873e-09 1.8512724e-09 1.8817230e-09 1.9118214e-09 1.9415505e-09 1.9708941e-09 1.9998364e-09 2.0283623e-09 2.0564574e-09 2.0841079e-09 2.1113007e-09 2.1380233e-09 2.1642640e-09 2.1900116e-09 2.2152556e-09 2.2399863e-09 2.2641944e-09 2.2878715e-09 2.3110096e-09 2.3336015e-09 2.3556406e-09 2.3771208e-09 2.3980367e-09 2.4183835e-09 2.4381570e-09 2.4573535e-09 2.4759698e-09 2.4940035e-09 2.5114524e-09
1.0832323e-09 1.1149610e-09 1.1468463e-09 1.1788644e-09 1.2109911e-09 1.2432024e-09 1.2754741e-09 1.3077824e-09 1.3401034e-09 1.3724136e-09 1.4046894e-09 1.4369078e-09 1.4690457e-09 1.5010806e-09 1.5329903e-09 1.5647530e-09 1.5963471e-09 1.6277516e-09 1.6589459e-09 1.6899100e-09 1.7206243e-09 1.7510697e-09 1.7812276e-09 1.8110801e-09 1.8406096e-09 1.8697995e-09 1.8986334e-09 1.9270957e-09 1.9551713e-09 1.9828458e-09 2.0101054e-09 2.0369368e-09 2.0633276e-09 2.0892658e-09 2.1147401e-09 2.1397397e-09 2.1642547e-09 2.1882756e-09 2.2117936e-09 2.2348005e-09 2.2572886e-09 2.2792510e-09 2.3006812e-09 2.3215735e-09 2.3419225e-09 2.3617237e-09 2.3809727e-09 2.3996662e-09 2.4178009e-09 2.4353743e-09
1.0351397e-09 1.0657911e-09 1.0966118e-09 1.1275790e-09 1.1586697e-09 1.1898607e-09 1.2211292e-09 1.2524522e-09 1.2838067e-09 1.3151700e-09 1.3465196e-09 1.3778331e-09 1.4090884e-09 1.4402636e-09 1.4713371e-09 1.5022878e-09 1.5330947e-09 1.5637373e-09 1.5941956e-09 1.6244500e-09 1.6544812e-09 1.6842706e-09 1.7137998e-09 1.7430513e-09 1.7720077e-09 1.8006526e-09 1.8289696e-09 1.8569434e-09 1.8845589e-09 1.9118017e-09 1.9386580e-09 1.9651147e-09 1.9911589e-09 2.0167788e-09 2.0419628e-09 2.0667001e-09 2.0909805e-09 2.1147942e-09 2.1381323e-09 2.1609861e-09 2.1833479e-09 2.2052103e-09 2.2265664e-09 2.2474102e-09 2.2677359e-09 2.2875385e-09 2.3068135e-09 2.3255567e-09 2.3437646e-09 2.3614343e-09
9.8922460e-10 1.0188300e-09 1.0486161e-09 1.0785609e-09 1.1086426e-09 1.1388391e-09 1.1691285e-09 1.1994887e-09 1.2298978e-09 1.2603339e-09 1.2907753e-09 1.3212005e-09 1.3515881e-09 1.3819169e-09 1.4121661e-09 1.4423150e-09 1.4723434e-09 1.5022314e-09 1.5319594e-09 1.5615082e-09 1.5908591e-09 1.6199937e-09 1.6488941e-09 1.6775429e-09 1.7059232e-09 1.7340186e-09 1.7618131e-09 1.7892913e-09 1.8164384e-09 1.8432400e-09 1.8696823e-09 1.8957522e-09 1.9214368e-09 1.9467242e-09 1.9716027e-09 1.9960614e-09 2.0200898e-09 2.0436782e-09 2.0668171e-09 2.0894980e-09 2.1117125e-09 2.1334532e-09 2.1547128e-09 2.1754849e-09 2.1957635e-09 2.2155432e-09 2.2348189e-09 2.2535862e-09 2.2718412e-09 2.2895805e-09
9.4538667e-10 9.7397695e-10 1.0027578e-09 1.0317085e-09 1.0608080e-09 1.0900355e-09 1.1193699e-09 1.1487900e-09 1.1782750e-09 1.2078037e-09 1.2373553e-09 1.2669091e-09 1.2964443e-09 1.3259407e-09 1.3553780e-09 1.3847362e-09 1.4139957e-09 1.4431371e-09 1.4721413e-09 1.5009897e-09 1.5296639e-09 1.5581461e-09 1.5864186e-09 1.6144643e-09 1.6422667e-09 1.6698095e-09 1.6970771e-09 1.7240541e-09 1.7507258e-09 1.7770781e-09 1.8030971e-09 1.8287696e-09 1.8540831e-09 1.8790253e-09 1.9035846e-09 1.9277499e-09 1.9515108e-09 1.9748571e-09 1.9977794e-09 2.0202688e-09 2.0423169e-09 2.0639158e-09 2.0850581e-09 2.1057371e-09 2.1259464e-09 2.1456802e-09 2.1649332e-09 2.1837006e-09 2.2019781e-09 2.2197619e-09
9.0353026e-10 9.3113565e-10 9.5894040e-10 9.8692475e-10 1.0150688e-09 1.0433526e-09 1.0717560e-09 1.1002588e-09 1.1288409e-09 1.1574822e-09 1.1861626e-09 1.2148621e-09 1.2435609e-09 1.2722392e-09 1.3008775e-09 1.3294566e-09 1.3579573e-09 1.3863609e-09 1.4146488e-09 1.4428028e-09 1.4708051e-09 1.4986380e-09 1.5262846e-09 1.5537279e-09 1.5809517e-09 1.6079401e-09 1.6346775e-09 1.6611488e-09 1.6873396e-09 1.7132357e-09 1.7388234e-09 1.7640897e-09 1.7890218e-09 1.8136076e-09 1.8378354e-09 1.8616942e-09 1.8851732e-09 1.9082624e-09 1.9309521e-09 1.9532332e-09 1.9750971e-09 1.9965357e-09 2.0175415e-09 2.0381073e-09 2.0582266e-09 2.0778933e-09 2.0971017e-09 2.1158467e-09 2.1341237e-09 2.1519284e-09
8.6356415e-10 8.9021439e-10 9.1707165e-10 9.4411718e-10 9.7133206e-10 9.9869721e-10 1.0261935e-09 1.0538016e-09 1.0815022e-09 1.1092761e-09 1.1371041e-09 1.1649668e-09 1.1928452e-09 1.2207203e-09 1.2485732e-09 1.2763852e-09 1.3041380e-09 1.3318132e-09 1.3593929e-09 1.3868593e-09 1.4141951e-09 1.4413831e-09 1.4684066e-09 1.4952492e-09 1.5218948e-09 1.5483278e-09 1.5745330e-09 1.6004955e-09 1.6262009e-09 1.6516352e-09 1.6767850e-09 1.7016372e-09 1.7261791e-09 1.7503987e-09 1.7742842e-09 1.7978245e-09 1.8210089e-09 1.8438272e-09 1.8662697e-09 1.8883270e-09 1.9099905e-09 1.9312519e-09 1.9521034e-09 1.9725376e-09 1.9925477e-09 2.0121274e-09 2.0312707e-09 2.0499723e-09 2.0682272e-09 2.0860307e-09
8.2540140e-10 8.5112564e-10 8.7706355e-10 9.0319732e-10 9.2950897e-10 9.5598036e-10 9.8259319e-10 1.0093291e-09 1.0361696e-09 1.0630963e-09 1.0900906e-09 1.1171342e-09 1.1442086e-09 1.1712955e-09 1.1983769e-09 1.2254345e-09 1.2524506e-09 1.2794075e-09 1.3062877e-09 1.3330741e-09 1.3597496e-09 1.3862977e-09 1.4127019e-09 1.4389463e-09 1.4650151e-09 1.4908929e-09 1.5165649e-09 1.5420163e-09 1.5672330e-09 1.5922013e-09 1.6169077e-09 1.6413392e-09 1.6654833e-09 1.6893281e-09 1.7128617e-09 1.7360731e-09 1.7589514e-09 1.7814865e-09 1.8036685e-09 1.8254881e-09 1.8469363e-09 1.8680048e-09 1.8886855e-09 1.9089710e-09 1.9288542e-09 1.9483285e-09 1.9673877e-09 1.9860262e-09 2.0042387e-09 2.0220204e-09
7.8895912e-10 8.1378594e-10 8.3883211e-10 8.6408074e-10 8.8951478e-10 9.1511694e-10 9.4086983e-10 9.6675590e-10 9.9275753e-10 1.0188571e-09 1.0450368e-09 1.0712790e-09 1.0975660e-09 1.1238802e-09 1.1502041e-09 1.1765203e-09 1.2028115e-09 1.2290606e-09 1.2552508e-09 1.2813652e-09 1.3073875e-09 1.3333013e-09 1.3590909e-09 1.3847404e-09 1.4102346e-09 1.4355583e-09 1.4606970e-09 1.4856363e-09 1.5103621e-09 1.5348609e-09 1.5591194e-09 1.5831249e-09 1.6068649e-09 1.6303274e-09 1.6535007e-09 1.6763739e-09 1.6989360e-09 1.7211768e-09 1.7430864e-09 1.7646554e-09 1.7858748e-09 1.8067360e-09 1.8272310e-09 1.8473520e-09 1.8670918e-09 1.8864436e-09 1.9054010e-09 1.9239582e-09 1.9421094e-09 1.9598498e-09
7.5415831e-10 7.7811567e-10 8.0229717e-10 8.2668684e-10 8.5126846e-10 8.7602564e-10 9.0094180e-10 9.2600022e-10 9.5118410e-10 9.7647654e-10 1.0018606e-09 1.0273192e-09 1.0528356e-09 1.0783927e-09 1.1039736e-09 1.1295617e-09 1.1551402e-09 1.1806926e-09 1.2062025e-09 1.2316537e-09 1.2570302e-09 1.2823163e-09 1.3074964e-09 1.3325553e-09 1.3574779e-09 1.3822495e-09 1.4068558e-09 1.4312826e-09 1.4555162e-09 1.4795432e-09 1.5033506e-09 1.5269257e-09 1.5502562e-09 1.5733301e-09 1.5961360e-09 1.6186627e-09 1.6408996e-09 1.6628362e-09 1.6844627e-09 1.7057696e-09 1.7267479e-09 1.7473888e-09 1.7676842e-09 1.7876262e-09 1.8072075e-09 1.8264210e-09 1.8452602e-09 1.8637189e-09 1.8817914e-09 1.8994724e-09
7.2092363e-10 7.4403889e-10 7.6738226e-10 7.9093862e-10 8.1469263e-10 8.3862869e-10 8.6273106e-10 8.8698381e-10 9.1137091e-10 9.3587622e-10 9.6048352e-10 9.8517656e-10 1.0099391e-09 1.0347548e-09 1.0596075e-09 1.0844810e-09 1.1093593e-09 1.1342263e-09 1.1590663e-09 1.1838635e-09 1.2086024e-09 1.2332678e-09 1.2578444e-09 1.2823174e-09 1.3066722e-09 1.3308944e-09 1.3549699e-09 1.3788849e-09 1.4026259e-09 1.4261797e-09 1.4495336e-09 1.4726749e-09 1.4955915e-09 1.5182717e-09 1.5407040e-09 1.5628773e-09 1.5847809e-09 1.6064046e-09 1.6277385e-09 1.6487730e-09 1.6694989e-09 1.6899077e-09 1.7099909e-09 1.7297406e-09 1.7491493e-09 1.7682099e-09 1.7869157e-09 1.8052602e-09 1.8232375e-09 1.8408422e-09
6.8918325e-10 7.1148314e-10 7.3401435e-10 7.5676260e-10 7.7971334e-10 8.0285179e-10 8.2616299e-10 8.4963178e-10 8.7324289e-10 8.9698091e-10 9.2083035e-10 9.4477565e-10 9.6880122e-10 9.9289145e-10 1.0170308e-09 1.0412036e-09 1.0653944e-09 1.0895878e-09 1.1137685e-09 1.1379214e-09 1.1620313e-09 1.1860834e-09 1.2100630e-09 1.2339557e-09 1.2577471e-09 1.2814233e-09 1.3049704e-09 1.3283750e-09 1.3516239e-09 1.3747040e-09 1.3976028e-09 1.4203079e-09 1.4428074e-09 1.4650895e-09 1.4871430e-09 1.5089568e-09 1.5305204e-09 1.5518235e-09 1.5728562e-09 1.5936089e-09 1.6140726e-09 1.6342384e-09 1.6540980e-09 1.6736433e-09 1.6928666e-09 1.7117609e-09 1.7303190e-09 1.7485347e-09 1.7664017e-09 1.7839142e-09
6.5886871e-10 6.8037933e-10 7.0212379e-10 7.2408859e-10 7.4625996e-10 7.6862391e-10 7.9116622e-10 8.1387249e-10 8.3672818e-10 8.5971860e-10 8.8282894e-10 9.0604435e-10 9.2934987e-10 9.5273055e-10 9.7617142e-10 9.9965751e-10 1.0231739e-09 1.0467057e-09 1.0702382e-09 1.0937567e-09 1.1172466e-09 1.1406936e-09 1.1640832e-09 1.1874016e-09 1.2106347e-09 1.2337689e-09 1.2567908e-09 1.2796872e-09 1.3024451e-09 1.3250517e-09 1.3474948e-09 1.3697621e-09 1.3918419e-09 1.4137226e-09 1.4353931e-09 1.4568424e-09 1.4780601e-09 1.4990358e-09 1.5197599e-09 1.5402226e-09 1.5604150e-09 1.5803282e-09 1.5999537e-09 1.6192834e-09 1.6383098e-09 1.6570252e-09 1.6754229e-09 1.6934962e-09 1.7112387e-09 1.7286445e-09
6.2991472e-10 6.5066155e-10 6.7164408e-10 6.9284957e-10 7.1426501e-10 7.3587714e-10 7.5767250e-10 7.7963739e-10 8.0175799e-10 8.2402029e-10 8.4641018e-10 8.6891344e-10 8.9151580e-10 9.1420291e-10 9.3696040e-10 9.5977391e-10 9.8262907e-10 1.0055116e-09 1.0284072e-09 1.0513017e-09 1.0741810e-09 1.0970312e-09 1.1198384e-09 1.1425889e-09 1.1652694e-09 1.1878663e-09 1.2103667e-09 1.2327576e-09 1.2550264e-09 1.2771606e-09 1.2991480e-09 1.3209768e-09 1.3426352e-09 1.3641120e-09 1.3853961e-09 1.4064767e-09 1.4273435e-09 1.4479861e-09 1.4683950e-09 1.4885605e-09 1.5084736e-09 1.5281254e-09 1.5475075e-09 1.5666117e-09 1.5854302e-09 1.6039557e-09 1.6221809e-09 1.6400992e-09 1.6577042e-09 1.6749898e-09
6.0225904e-10 6.2226691e-10 6.4251175e-10 6.6298154e-10 6.8366401e-10 7.0454660e-10 7.2561656e-10 7.4686089e-10 7.6826645e-10 7.8981990e-10 8.1150781e-10 8.3331659e-10 8.5523260e-10 8.7724210e-10 8.9933132e-10 9.2148646e-10 9.4369374e-10 9.6593936e-10 9.8820958e-10 1.0104907e-09 1.0327692e-09 1.0550314e-09 1.0772641e-09 1.0994539e-09 1.1215877e-09 1.1436526e-09 1.1656358e-09 1.1875247e-09 1.2093069e-09 1.2309702e-09 1.2525028e-09 1.2738929e-09 1.2951292e-09 1.3162003e-09 1.3370955e-09 1.3578041e-09 1.3783158e-09 1.3986205e-09 1.4187086e-09 1.4385705e-09 1.4581972e-09 1.4775799e-09 1.4967101e-09 1.5155796e-09 1.5341807e-09 1.5525057e-09 1.5705477e-09 1.5882996e-09 1.6057550e-09 1.6229077e-09
5.7584232e-10 5.9513544e-10 6.1466624e-10 6.3442341e-10 6.5439537e-10 6.7457025e-10 6.9493597e-10 7.1548022e-10 7.3619051e-10 7.5705417e-10 7.7805838e-10 7.9919019e-10 8.2043658e-10 8.4178439e-10 8.6322045e-10 8.8473151e-10 9.0630434e-10 9.2792567e-10 9.4958227e-10 9.7126095e-10 9.9294857e-10 1.0146321e-09 1.0362985e-09 1.0579349e-09 1.0795287e-09 1.1010672e-09 1.1225380e-09 1.1439288e-09 1.1652275e-09 1.1864223e-09 1.2075015e-09 1.2284536e-09 1.2492674e-09 1.2699319e-09 1.2904364e-09 1.3107705e-09 1.3309238e-09 1.3508865e-09 1.3706490e-09 1.3902018e-09 1.4095360e-09 1.4286427e-09 1.4475135e-09 1.4661402e-09 1.4845149e-09 1.5026302e-09 1.5204788e-09 1.5380538e-09 1.5553485e-09 1.5723567e-09
5.5060797e-10 5.6920991e-10 5.8804974e-10 6.0711683e-10 6.2640025e-10 6.4588880e-10 6.6557105e-10 6.8543535e-10 7.0546983e-10 7.2566246e-10 7.4600105e-10 7.6647325e-10 7.8706663e-10 8.0776861e-10 8.2856659e-10 8.4944789e-10 8.7039978e-10 8.9140953e-10 9.1246440e-10 9.3355170e-10 9.5465873e-10 9.7577290e-10 9.9688165e-10 1.0179725e-09 1.0390332e-09 1.0600514e-09 1.0810151e-09 1.1019123e-09 1.1227312e-09 1.1434603e-09 1.1640881e-09 1.1846035e-09 1.2049953e-09 1.2252529e-09 1.2453657e-09 1.2653233e-09 1.2851157e-09 1.3047332e-09 1.3241660e-09 1.3434051e-09 1.3624413e-09 1.3812660e-09 1.3998707e-09 1.4182473e-09 1.4363878e-09 1.4542848e-09 1.4719310e-09 1.4893193e-09 1.5064432e-09 1.5232963e-09
5.2650202e-10 5.4443573e-10 5.6260708e-10 5.8100608e-10 5.9962242e-10 6.1844557e-10 6.3746471e-10 6.5666881e-10 6.7604664e-10 6.9558675e-10 7.1527756e-10 7.3510731e-10 7.5506414e-10 7.7513606e-10 7.9531100e-10 8.1557682e-10 8.3592132e-10 8.5633227e-10 8.7679745e-10 8.9730460e-10 9.1784151e-10 9.3839602e-10 9.5895599e-10 9.7950938e-10 1.0000442e-09 1.0205487e-09 1.0410110e-09 1.0614195e-09 1.0817628e-09 1.1020295e-09 1.1222086e-09 1.1422890e-09 1.1622599e-09 1.1821109e-09 1.2018315e-09 1.2214116e-09 1.2408413e-09 1.2601108e-09 1.2792109e-09 1.2981322e-09 1.3168660e-09 1.3354034e-09 1.3537361e-09 1.3718560e-09 1.3897553e-09 1.4074263e-09 1.4248618e-09 1.4420548e-09 1.4589985e-09 1.4756865e-09
5.0347304e-10 5.2076083e-10 5.3828560e-10 5.5603794e-10 5.7400819e-10 5.9218640e-10 6.1056236e-10 6.2912565e-10 6.4786562e-10 6.6677143e-10 6.8583205e-10 7.0503632e-10 7.2437292e-10 7.4383041e-10 7.6339727e-10 7.8306187e-10 8.0281253e-10 8.2263752e-10 8.4252509e-10 8.6246347e-10 8.8244089e-10 9.0244561e-10 9.2246593e-10 9.4249021e-10 9.6250685e-10 9.8250437e-10 1.0024714e-09 1.0223966e-09 1.0422688e-09 1.0620770e-09 1.0818104e-09 1.1014582e-09 1.1210099e-09 1.1404552e-09 1.1597838e-09 1.1789859e-09 1.1980516e-09 1.2169714e-09 1.2357361e-09 1.2543365e-09 1.2727638e-09 1.2910095e-09 1.3090651e-09 1.3269227e-09 1.3445744e-09 1.3620125e-09 1.3792300e-09 1.3962196e-09 1.4129746e-09 1.4294886e-09
4.8147194e-10 4.9813552e-10 5.1503502e-10 5.3216162e-10 5.4950624e-10 5.6705951e-10 5.8481180e-10 6.0275328e-10 6.2087385e-10 6.3916326e-10 6.5761103e-10 6.7620655e-10 6.9493904e-10 7.1379760e-10 7.3277123e-10 7.5184881e-10 7.7101917e-10 7.9027105e-10 8.0959318e-10 8.2897424e-10 8.4840292e-10 8.6786791e-10 8.8735791e-10 9.0686167e-10 9.2636800e-10 9.4586576e-10 9.6534391e-10 9.8479148e-10 1.0041976e-09 1.0235517e-09 1.0428429e-09 1.0620610e-09 1.0811956e-09 1.1002366e-09 1.1191740e-09 1.1379981e-09 1.1566992e-09 1.1752680e-09 1.1936954e-09 1.2119723e-09 1.2300901e-09 1.2480402e-09 1.2658144e-09 1.2834046e-09 1.3008031e-09 1.3180023e-09 1.3349950e-09 1.3517740e-09 1.3683327e-09 1.3846644e-09
