Pycode/rasters/asc_loose 200 shift/q375.asc
ncols 484
nrows 484
xllcenter 78508.47
yllcenter 237089.44
cellsize 5
nodata_value -9999
[rows 396 to 417 of 484, columns 150 to 199 of 484]
2.1196233e-12 1.9502301e-12 1.7913490e-12 1.6425478e-12 1.5034008e-12 1.3734886e-12 1.2523984e-12 1.1397243e-12 1.0350673e-12 9.3803593e-13 8.4824612e-13 7.6532177e-13 6.8889501e-13 6.1860651e-13 5.5410579e-13 4.9505162e-13 4.4111227e-13 3.9196592e-13 3.4730090e-13 3.0681602e-13 2.7022085e-13 2.3723595e-13 2.0759313e-13 1.8103559e-13 1.5731814e-13 1.3620728e-13 1.1748129e-13 1.0093028e-13 8.6356192e-14 7.3572737e-14 6.2405326e-14 5.2690932e-14 4.4277929e-14 3.7025879e-14 3.0805297e-14 2.5497378e-14 2.0993707e-14 1.7195943e-14 1.4015499e-14 1.1373215e-14 9.1990403e-15 7.4317353e-15 6.0185954e-15 4.9152207e-15 4.0853386e-15 3.5006926e-15 3.1410144e-15 2.9940934e-15 3.0559582e-15 3.3311887e-15
1.8682006e-12 1.7171352e-12 1.5755918e-12 1.4431695e-12 1.3194733e-12 1.2041150e-12 1.0967126e-12 9.9689110e-13 9.0428233e-13 8.1852546e-13 7.3926710e-13 6.6616166e-13 5.9887161e-13 5.3706776e-13 4.8042960e-13 4.2864552e-13 3.8141317e-13 3.3843971e-13 2.9944203e-13 2.6414710e-13 2.3229207e-13 2.0362457e-13 1.7790283e-13 1.5489585e-13 1.3438349e-13 1.1615655e-13 1.0001680e-13 8.5777001e-14 7.3260853e-14 6.2302908e-14 5.2748461e-14 4.4453398e-14 3.7284001e-14 3.1116735e-14 2.5837992e-14 2.1343817e-14 1.7539621e-14 1.4339866e-14 1.1667763e-14 9.4549512e-15 7.6412077e-15 6.1741625e-15 5.0090517e-15 4.1085102e-15 3.4424189e-15 2.9878172e-15 2.7288967e-15 2.6570872e-15 2.7712509e-15 3.0779992e-15
1.6457860e-12 1.5111443e-12 1.3851214e-12 1.2673456e-12 1.1574512e-12 1.0550789e-12 9.5987587e-13 8.7149597e-13 7.8959995e-13 7.1385566e-13 6.4393833e-13 5.7953080e-13 5.2032377e-13 4.6601607e-13 4.1631494e-13 3.7093624e-13 3.2960471e-13 2.9205423e-13 2.5802801e-13 2.2727880e-13 1.9956908e-13 1.7467120e-13 1.5236749e-13 1.3245042e-13 1.1472258e-13 9.8996791e-14 8.5096065e-14 7.2853568e-14 6.2112564e-14 5.2726297e-14 4.4557857e-14 3.7480004e-14 3.1374965e-14 2.6134208e-14 2.1658181e-14 1.7856043e-14 1.4645375e-14 1.1951881e-14 9.7090939e-15 7.8580781e-15 6.3471521e-15 5.1316311e-15 4.1736022e-15 3.4417412e-15 2.9111840e-15 2.5634615e-15 2.3865125e-15 2.3747851e-15 2.5294413e-15 2.8586766e-15
1.4491326e-12 1.3291993e-12 1.2170614e-12 1.1123748e-12 1.0148011e-12 9.2400847e-13 8.3967114e-13 7.6147011e-13 6.8909308e-13 6.2223474e-13 5.6059697e-13 5.0388906e-13 4.5182795e-13 4.0413846e-13 3.6055351e-13 3.2081431e-13 2.8467063e-13 2.5188092e-13 2.2221256e-13 1.9544194e-13 1.7135469e-13 1.4974572e-13 1.3041931e-13 1.1318924e-13 9.7878742e-14 8.4320522e-14 7.2356746e-14 6.1838960e-14 5.2627990e-14 4.4593824e-14 3.7615447e-14 3.1580656e-14 2.6385853e-14 2.1935801e-14 1.8143379e-14 1.4929305e-14 1.2221861e-14 9.9566053e-15 8.0760923e-15 6.5295955e-15 5.2728499e-15 4.2678174e-15 3.4824856e-15 2.8907081e-15 2.4720984e-15 2.2119860e-15 2.1014460e-15 2.1374153e-15 2.3229038e-15 2.6673169e-15
1.2753449e-12 1.1685757e-12 1.0688520e-12 9.7585551e-13 8.8927357e-13 8.0879980e-13 7.3413403e-13 6.6498252e-13 6.0105816e-13 5.4208063e-13 4.8777661e-13 4.3787997e-13 3.9213199e-13 3.5028153e-13 3.1208526e-13 2.7730779e-13 2.4572189e-13 2.1710862e-13 1.9125749e-13 1.6796657e-13 1.4704258e-13 1.2830100e-13 1.1156609e-13 9.6670936e-14 8.3457432e-14 7.1776270e-14 6.1486864e-14 5.2457270e-14 4.4564066e-14 3.7692210e-14 3.1734868e-14 2.6593219e-14 2.2176240e-14 1.8400469e-14 1.5189757e-14 1.2474999e-14 1.0193873e-14 8.2905618e-15 6.7154939e-15 5.4250832e-15 4.3814938e-15 3.5524274e-15 2.9109445e-15 2.4353281e-15 2.1089978e-15 1.9204856e-15 1.8634812e-15 1.9369590e-15 2.1453971e-15 2.4990975e-15
1.1218424e-12 1.0268479e-12 9.3821649e-13 8.5565398e-13 7.7887185e-13 7.0758762e-13 6.4152491e-13 5.8041362e-13 5.2399010e-13 4.7199726e-13 4.2418485e-13 3.8030953e-13 3.4013511e-13 3.0343269e-13 2.6998083e-13 2.3956569e-13 2.1198120e-13 1.8702916e-13 1.6451932e-13 1.4426955e-13 1.2610583e-13 1.0986233e-13 9.5381436e-14 8.2513734e-14 7.1117991e-14 6.1061099e-14 5.2217992e-14 4.4471541e-14 3.7712423e-14 3.1838966e-14 2.6756968e-14 2.2379498e-14 1.8626682e-14 1.5425464e-14 1.2709367e-14 1.0418236e-14 8.4979848e-15 6.9003378e-15 5.5825837e-15 4.5073393e-15 3.6423331e-15 2.9602153e-15 2.4384003e-15 2.0589520e-15 1.8085176e-15 1.6783200e-15 1.6642175e-15 1.7668408e-15 1.9918154e-15 2.3500812e-15
9.8632612e-13 9.0185721e-13 8.2313085e-13 7.4987538e-13 6.8182486e-13 6.1871917e-13 5.6030413e-13 5.0633166e-13 4.5655992e-13 4.1075344e-13 3.6868334e-13 3.3012740e-13 2.9487025e-13 2.6270351e-13 2.3342592e-13 2.0684346e-13 1.8276945e-13 1.6102468e-13 1.4143745e-13 1.2384365e-13 1.0808680e-13 9.4018049e-14 8.1496209e-14 7.0387696e-14 6.0566496e-14 5.1914086e-14 4.4319338e-14 3.7678402e-14 3.1894557e-14 2.6878053e-14 2.2545925e-14 1.8821795e-14 1.5635652e-14 1.2923629e-14 1.0627765e-14 8.6957628e-15 7.0807462e-15 5.7410226e-15 4.6398519e-15 3.7452306e-15 3.0296963e-15 2.4701580e-15 2.0477604e-15 1.7477879e-15 1.5596166e-15 1.4767224e-15 1.4967530e-15 1.6216719e-15 1.8579845e-15 2.2170540e-15
8.6674967e-13 7.9168395e-13 7.2179689e-13 6.5683802e-13 5.9656244e-13 5.4073086e-13 4.8910980e-13 4.4147166e-13 3.9759487e-13 3.5726403e-13 3.2027003e-13 2.8641017e-13 2.5548832e-13 2.2731501e-13 2.0170752e-13 1.7849003e-13 1.5749364e-13 1.3855651e-13 1.2152384e-13 1.0624796e-13 9.2588309e-14 8.0411456e-14 6.9591068e-14 6.0007856e-14 5.1549517e-14 4.4110642e-14 3.7592606e-14 3.1903434e-14 2.6957659e-14 2.2676147e-14 1.8985915e-14 1.5819935e-14 1.3116916e-14 1.0821091e-14 8.8819870e-15 7.2541948e-15 5.8971448e-15 4.7748822e-15 3.8558560e-15 3.1127223e-15 2.5221681e-15 2.0647623e-15 1.7248389e-15 1.4904189e-15 1.3531796e-15 1.3084755e-15 1.3554206e-15 1.4970393e-15 1.7404932e-15 2.0973927e-15
7.6129191e-13 6.9462153e-13 6.3261786e-13 5.7505022e-13 5.2169332e-13 4.7232731e-13 4.2673795e-13 3.8471665e-13 3.4606067e-13 3.1057317e-13 2.7806334e-13 2.4834652e-13 2.2124429e-13 1.9658456e-13 1.7420168e-13 1.5393647e-13 1.3563634e-13 1.1915527e-13 1.0435389e-13 9.1099449e-14 7.9265867e-14 6.8733661e-14 5.9389922e-14 5.1128255e-14 4.3848692e-14 3.7457595e-14 3.1867533e-14 2.6997150e-14 2.2771006e-14 1.9119409e-14 1.5978233e-14 1.3288721e-14 1.0997282e-14 9.0552787e-15 7.4188129e-15 6.0485092e-15 4.9093032e-15 3.9702357e-15 3.2042591e-15 2.5880589e-15 2.1018975e-15 1.7294830e-15 1.4578707e-15 1.2774020e-15 1.1816878e-15 1.1676415e-15 1.2355705e-15 1.3893310e-15 1.6365549e-15 1.9889559e-15
6.6833326e-13 6.0915380e-13 5.5417664e-13 5.0318955e-13 4.5598550e-13 4.1236272e-13 3.7212484e-13 3.3508094e-13 3.0104569e-13 2.6983941e-13 2.4128822e-13 2.1522405e-13 1.9148481e-13 1.6991438e-13 1.5036273e-13 1.3268595e-13 1.1674631e-13 1.0241224e-13 8.9558397e-14 7.8065607e-14 6.7820880e-14 5.8717354e-14 5.0654241e-14 4.3536751e-14 3.7275998e-14 3.1788898e-14 2.6998034e-14 2.2831521e-14 1.9222848e-14 1.6110708e-14 1.3438822e-14 1.1155744e-14 9.2146692e-15 7.5732300e-15 6.1932941e-15 5.0407620e-15 4.0853705e-15 3.3005038e-15 2.6630166e-15 2.1530748e-15 1.7540156e-15 1.4522352e-15 1.2371063e-15 1.1009323e-15 1.0389431e-15 1.0493393e-15 1.1333903e-15 1.2955921e-15 1.5438937e-15 1.8899956e-15
5.8643413e-13 5.3393452e-13 4.8521625e-13 4.4008429e-13 3.9834857e-13 3.5982414e-13 3.2433119e-13 2.9169517e-13 2.6174685e-13 2.3432244e-13 2.0926361e-13 1.8641761e-13 1.6563731e-13 1.4678127e-13 1.2971377e-13 1.1430484e-13 1.0043031e-13 8.7971765e-14 7.6816602e-14 6.6857961e-14 5.7994706e-14 5.0131368e-14 4.3178079e-14 3.7050486e-14 3.1669648e-14 2.6961926e-14 2.2858849e-14 1.9296971e-14 1.6217719e-14 1.3567226e-14 1.1296153e-14 9.3595086e-15 7.7164619e-15 6.3301511e-15 5.1674937e-15 4.1989984e-15 3.3985832e-15 2.7434034e-15 2.2136910e-15 1.7926124e-15 1.4661461e-15 1.2229855e-15 1.0544722e-15 9.5456364e-16 9.1984035e-16 9.4955898e-16 1.0457558e-15 1.2134069e-15 1.4606514e-15 1.7990837e-15
5.1431559e-13 4.6776894e-13 4.2462237e-13 3.8469682e-13 3.4781802e-13 3.1381659e-13 2.8252807e-13 2.5379305e-13 2.2745719e-13 2.0337131e-13 1.8139145e-13 1.6137891e-13 1.4320031e-13 1.2672764e-13 1.1183826e-13 9.8414940e-14 8.6345839e-14 7.5524530e-14 6.5849957e-14 5.7226406e-14 4.9563457e-14 4.2775916e-14 3.6783743e-14 3.1511955e-14 2.6890523e-14 2.2854251e-14 1.9342648e-14 1.6299781e-14 1.3674124e-14 1.1418398e-14 9.4893983e-15 7.8478238e-15 6.4580960e-15 5.2881820e-15 4.3094163e-15 3.4963269e-15 2.8264689e-15 2.2802670e-15 1.8408721e-15 1.4940341e-15 1.2279956e-15 1.0334100e-15 9.0328769e-16 8.3297621e-16 8.2017761e-16 8.6500865e-16 9.7010866e-16 1.1408006e-15 1.3853108e-15 1.7150530e-15
4.5084207e-13 4.0959735e-13 3.7140767e-13 3.3610882e-13 3.0354118e-13 2.7354977e-13 2.4598437e-13 2.2069953e-13 1.9755466e-13 1.7641402e-13 1.5714687e-13 1.3962741e-13 1.2373486e-13 1.0935349e-13 9.6372610e-14 8.4686580e-14 7.4194809e-14 6.4801725e-14 5.6416749e-14 4.8954244e-14 4.2333458e-14 3.6478453e-14 3.1318019e-14 2.6785579e-14 2.2819075e-14 1.9360854e-14 1.6357531e-14 1.3759850e-14 1.1522536e-14 9.6041383e-15 7.9668660e-15 6.5764262e-15 5.4018541e-15 4.4153464e-15 3.5920962e-15 2.9101333e-15 2.3501716e-15 1.8954673e-15 1.5316898e-15 1.2468104e-15 1.0310094e-15 8.7660837e-16 7.7802889e-16 7.3178284e-16 7.3649870e-16 7.9298772e-16 9.0435494e-16 1.0761600e-15 1.3166325e-15 1.6369480e-15
3.9500583e-13 3.5848032e-13 3.2469786e-13 2.9350800e-13 2.6476465e-13 2.3832623e-13 2.1405563e-13 1.9182029e-13 1.7149226e-13 1.5294821e-13 1.3606950e-13 1.2074217e-13 1.0685698e-13 9.4309391e-14 8.2999625e-14 7.2832597e-14 6.3717922e-14 5.5569878e-14 4.8307363e-14 4.1853841e-14 3.6137276e-14 3.1090052e-14 2.6648887e-14 2.2754729e-14 1.9352648e-14 1.6391712e-14 1.3824860e-14 1.1608765e-14 9.7036873e-15 8.0733244e-15 6.6846594e-15 5.5078028e-15 4.5158361e-15 3.6846563e-15 2.9928233e-15 2.4214135e-15 1.9538813e-15 1.5759312e-15 1.2754032e-15 1.0421749e-15 8.6808237e-16 7.4686423e-16 6.7413167e-16 6.4736816e-16 6.6596293e-16 7.3128206e-16 8.4678161e-16 1.0181671e-15 1.2536043e-15 1.5639859e-15
3.4591303e-13 3.1358552e-13 2.8371915e-13 2.5617620e-13 2.3082318e-13 2.0753080e-13 1.8617409e-13 1.6663236e-13 1.4878930e-13 1.3253296e-13 1.1775581e-13 1.0435472e-13 9.2230969e-14 8.1290284e-14 7.1442788e-14 6.2602995e-14 5.4689780e-14 4.7626338e-14 4.1340134e-14 3.5762839e-14 3.0830262e-14 2.6482264e-14 2.2662666e-14 1.9319149e-14 1.6403143e-14 1.3869704e-14 1.1677392e-14 9.7881324e-15 8.1670830e-15 6.7824865e-15 5.6055270e-15 4.6101829e-15 3.7730804e-15 3.0733497e-15 2.4924845e-15 2.0142088e-15 1.6243512e-15 1.3107306e-15 1.0630546e-15 8.7283459e-16 7.3331839e-16 6.3944570e-16 5.8782769e-16 5.7675495e-16 6.0623706e-16 6.7807751e-16 7.9598789e-16 9.6574547e-16 1.1953985e-15 1.4955237e-15
3.0277134e-13 2.7417590e-13 2.4778707e-13 2.2347895e-13 2.0112962e-13 1.8062120e-13 1.6183986e-13 1.4467586e-13 1.2902358e-13 1.1478151e-13 1.0185228e-13 9.0142652e-14 7.9563551e-14 7.0030011e-14 6.1461177e-14 5.3780275e-14 4.6914569e-14 4.0795320e-14 3.5357721e-14 3.0540838e-14 2.6287530e-14 2.2544366e-14 1.9261527e-14 1.6392709e-14 1.3895010e-14 1.1728813e-14 9.8576645e-15 8.2481449e-15 6.8697365e-15 5.6946881e-15 4.6978783e-15 3.8566783e-15 3.1508158e-15 2.5622426e-15 2.0750059e-15 1.6751274e-15 1.3504902e-15 1.0907366e-15 8.8717897e-16 7.3272617e-16 6.2182772e-16 5.5043864e-16 5.1600790e-16 5.1749326e-16 5.5540596e-16 6.3188842e-16 7.5082874e-16 9.1801561e-16 1.1413378e-15 1.4310322e-15
2.6487873e-13 2.3959913e-13 2.1629652e-13 1.9485591e-13 1.7516608e-13 1.5711965e-13 1.4061307e-13 1.2554663e-13 1.1182452e-13 9.9354790e-14 8.8049381e-14 7.7824102e-14 6.8598631e-14 6.0296490e-14 5.2845016e-14 4.6175331e-14 4.0222292e-14 3.4924440e-14 3.0223938e-14 2.6066504e-14 2.2401327e-14 1.9180983e-14 1.6361342e-14 1.3901466e-14 1.1763500e-14 9.9125590e-15 8.3166100e-15 6.9463490e-15 5.7750758e-15 4.7785657e-15 3.9349420e-15 3.2245484e-15 2.6298232e-15 2.1351774e-15 1.7268783e-15 1.3929394e-15 1.1230187e-15 9.0832911e-16 7.4155958e-16 6.1681265e-16 5.2955830e-16 4.7660768e-16 4.5610901e-16 4.6756841e-16 5.1189865e-16 5.9149883e-16 7.1036839e-16 8.7425889e-16 1.0908672e-15 1.3700743e-15
2.3161357e-13 2.0927821e-13 1.8871286e-13 1.6981258e-13 1.5247604e-13 1.3660550e-13 1.2210686e-13 1.0888963e-13 9.6866993e-14 8.5955740e-14 7.6076310e-14 6.7152757e-14 5.9112739e-14 5.1887484e-14 4.5411763e-14 3.9623845e-14 3.4465449e-14 2.9881684e-14 2.5820988e-14 2.2235051e-14 1.9078742e-14 1.6310012e-14 1.3889812e-14 1.1781984e-14 9.9531606e-15 8.3726570e-15 7.0123538e-15 5.8465829e-15 4.8520081e-15 4.0075060e-15 3.2940463e-15 2.6945737e-15 2.1938926e-15 1.7785554e-15 1.4367567e-15 1.1582342e-15 9.3417812e-16 7.5715164e-16 6.2102308e-16 5.2091251e-16 4.5315467e-16 4.1528044e-16 4.0601922e-16 4.2532480e-16 4.7442726e-16 5.5591392e-16 6.7384219e-16 8.3388776e-16 1.0435314e-15 1.3122877e-15
2.0242567e-13 1.8270302e-13 1.6456393e-13 1.4791276e-13 1.3265725e-13 1.1870855e-13 1.0598122e-13 9.4393226e-14 8.3865971e-14 7.4324246e-14 6.5696241e-14 5.7913516e-14 5.0910983e-14 4.4626866e-14 3.9002670e-14 3.3983126e-14 2.9516146e-14 2.5552757e-14 2.2047037e-14 1.8956039e-14 1.6239715e-14 1.3860823e-14 1.1784841e-14 9.9798704e-15 8.4165296e-15 7.0678538e-15 5.9091856e-15 4.9180646e-15 4.0741167e-15 3.3589419e-15 2.7560041e-15 2.2505216e-15 1.8293618e-15 1.4809391e-15 1.1951196e-15 9.6313164e-16 7.7748603e-16 6.3190567e-16 5.2126735e-16 4.4155692e-16 3.8984018e-16 3.6425112e-16 3.6399989e-16 3.8940279e-16 4.4193661e-16 5.2432011e-16 6.4062528e-16 7.9642144e-16 9.9895542e-16 1.2573710e-15
1.7682839e-13 1.5942284e-13 1.4343305e-13 1.2877192e-13 1.1535554e-13 1.0310321e-13 9.1937458e-14 8.1783982e-14 7.2571693e-14 6.4232683e-14 5.6702204e-14 4.9918645e-14 4.3823503e-14 3.8361347e-14 3.3479769e-14 2.9129341e-14 2.5263556e-14 2.1838766e-14 1.8814115e-14 1.6151461e-14 1.3815302e-14 1.1772689e-14 9.9931356e-15 8.4485246e-15 7.1130124e-15 5.9629280e-15 4.9766714e-15 4.1346095e-15 3.4189725e-15 2.8137500e-15 2.3045886e-15 1.8786919e-15 1.5247236e-15 1.2327156e-15 9.9398159e-16 8.0103738e-16 6.4753027e-16 5.2817768e-16 4.3871733e-16 3.7587031e-16 3.3731880e-16 3.2170036e-16 3.2862060e-16 3.5868652e-16 4.1356261e-16 4.9605225e-16 6.1020693e-16 7.6146606e-16 9.5683032e-16 1.2050718e-15
1.5439148e-13 1.3903963e-13 1.2495262e-13 1.1205122e-13 1.0025919e-13 8.9503306e-14 7.9713365e-14 7.0822154e-14 6.2765444e-14 5.5481975e-14 4.8913428e-14 4.3004394e-14 3.7702346e-14 3.2957590e-14 2.8723226e-14 2.4955091e-14 2.1611704e-14 1.8654202e-14 1.6046271e-14 1.3754075e-14 1.1746173e-14 9.9934404e-15 8.4689826e-15 7.1480426e-15 6.0079104e-15 5.0278276e-15 4.1888915e-15 3.4739581e-15 2.8675451e-15 2.3557361e-15 1.9260858e-15 1.5675292e-15 1.2702925e-15 1.0258109e-15 8.2665032e-16 6.6643707e-16 5.3979527e-16 4.4229385e-16 3.7040428e-16 3.2147059e-16 2.9369325e-16 2.8612855e-16 2.9870529e-16 3.3226077e-16 3.8859800e-16 4.7056660e-16 5.8216954e-16 7.2869844e-16 9.1690014e-16 1.1551774e-15
1.3473480e-13 1.2120209e-13 1.0879861e-13 9.7452324e-14 8.7094048e-14 7.7657410e-14 6.9078860e-14 6.1297647e-14 5.4255803e-14 4.7898119e-14 4.2172119e-14 3.7028023e-14 3.2418714e-14 2.8299691e-14 2.4629020e-14 2.1367285e-14 1.8477524e-14 1.5925169e-14 1.3677977e-14 1.1705958e-14 9.9812982e-15 8.4782798e-15 7.1731989e-15 6.0442792e-15 5.0715842e-15 4.2369280e-15 3.5237853e-15 2.9172006e-15 2.4036987e-15 1.9711959e-15 1.6089134e-15 1.3072939e-15 1.0579219e-15 8.5344818e-16 6.8752085e-16 5.5472263e-16 4.5051615e-16 3.7119827e-16 3.1386463e-16 2.7638588e-16 2.5739688e-16 2.5630052e-16 2.7328769e-16 3.0937529e-16 3.6646411e-16 4.4741868e-16 5.5617136e-16 6.9785289e-16 8.7895216e-16 1.1075079e-15
