Pycode/rasters/asc_loose 200 shift/q375.asc
ncols 484
nrows 484
xllcenter 78508.47
yllcenter 237089.44
cellsize 5
nodata_value -9999
[rows 154 to 175 of 484, columns 0 to 49 of 484]
1.1396892e-08 1.6139607e-08 1.6889936e-08 1.6975094e-08 1.7060528e-08 1.7146235e-08 1.7232213e-08 1.7318460e-08 1.7404974e-08 1.7491751e-08 1.7578789e-08 1.7666086e-08 1.7753640e-08 1.7841447e-08 1.7929505e-08 1.8017811e-08 1.8106363e-08 1.8195158e-08 1.8284192e-08 1.8373464e-08 1.8462970e-08 1.8552707e-08 1.8642673e-08 1.8732865e-08 1.8823279e-08 1.8913913e-08 1.9004764e-08 1.9095829e-08 1.9187105e-08 1.9278590e-08 1.9370279e-08 1.9462171e-08 1.9554263e-08 1.9646551e-08 1.9739034e-08 1.9831707e-08 1.9924570e-08 2.0017618e-08 2.0110850e-08 2.0204262e-08 2.0297854e-08 2.0391622e-08 2.0485564e-08 2.0579678e-08 2.0673962e-08 2.0768415e-08 2.0863034e-08 2.0957819e-08 2.1052768e-08 2.1147880e-08
1.1631036e-08 1.6472485e-08 1.7240328e-08 1.7329498e-08 1.7418982e-08 1.7508779e-08 1.7598886e-08 1.7689302e-08 1.7780025e-08 1.7871051e-08 1.7962380e-08 1.8054007e-08 1.8145932e-08 1.8238151e-08 1.8330662e-08 1.8423462e-08 1.8516550e-08 1.8609921e-08 1.8703574e-08 1.8797506e-08 1.8891714e-08 1.8986195e-08 1.9080947e-08 1.9175966e-08 1.9271251e-08 1.9366797e-08 1.9462602e-08 1.9558664e-08 1.9654979e-08 1.9751544e-08 1.9848356e-08 1.9945414e-08 2.0042713e-08 2.0140251e-08 2.0238025e-08 2.0336032e-08 2.0434269e-08 2.0532734e-08 2.0631424e-08 2.0730337e-08 2.0829470e-08 2.0928819e-08 2.1028384e-08 2.1128162e-08 2.1228150e-08 2.1328346e-08 2.1428749e-08 2.1529357e-08 2.1630168e-08 2.1731180e-08
1.1866511e-08 1.6807303e-08 1.7592836e-08 1.7686121e-08 1.7779763e-08 1.7873759e-08 1.7968108e-08 1.8062809e-08 1.8157858e-08 1.8253254e-08 1.8348995e-08 1.8445079e-08 1.8541503e-08 1.8638265e-08 1.8735363e-08 1.8832795e-08 1.8930559e-08 1.9028651e-08 1.9127069e-08 1.9225811e-08 1.9324873e-08 1.9424255e-08 1.9523952e-08 1.9623963e-08 1.9724284e-08 1.9824912e-08 1.9925846e-08 2.0027081e-08 2.0128616e-08 2.0230447e-08 2.0332572e-08 2.0434987e-08 2.0537690e-08 2.0640679e-08 2.0743949e-08 2.0847499e-08 2.0951325e-08 2.1055425e-08 2.1159795e-08 2.1264434e-08 2.1369339e-08 2.1474506e-08 2.1579934e-08 2.1685620e-08 2.1791562e-08 2.1897757e-08 2.2004203e-08 2.2110898e-08 2.2217840e-08 2.2325028e-08
1.2103152e-08 1.7143823e-08 1.7947209e-08 1.8044713e-08 1.8142618e-08 1.8240922e-08 1.8339624e-08 1.8438721e-08 1.8538213e-08 1.8638097e-08 1.8738372e-08 1.8839036e-08 1.8940087e-08 1.9041523e-08 1.9143342e-08 1.9245542e-08 1.9348120e-08 1.9451075e-08 1.9554403e-08 1.9658104e-08 1.9762174e-08 1.9866612e-08 1.9971414e-08 2.0076578e-08 2.0182101e-08 2.0287982e-08 2.0394217e-08 2.0500804e-08 2.0607740e-08 2.0715022e-08 2.0822648e-08 2.0930614e-08 2.1038919e-08 2.1147559e-08 2.1256531e-08 2.1365833e-08 2.1475462e-08 2.1585415e-08 2.1695690e-08 2.1806283e-08 2.1917193e-08 2.2028415e-08 2.2139948e-08 2.2251790e-08 2.2363937e-08 2.2476387e-08 2.2589139e-08 2.2702189e-08 2.2815535e-08 2.2929176e-08
1.2340782e-08 1.7481799e-08 1.8303189e-08 1.8405013e-08 1.8507285e-08 1.8610002e-08 1.8713165e-08 1.8816771e-08 1.8920820e-08 1.9025309e-08 1.9130238e-08 1.9235605e-08 1.9341408e-08 1.9447646e-08 1.9554317e-08 1.9661419e-08 1.9768950e-08 1.9876908e-08 1.9985292e-08 2.0094099e-08 2.0203328e-08 2.0312975e-08 2.0423040e-08 2.0533519e-08 2.0644411e-08 2.0755713e-08 2.0867422e-08 2.0979537e-08 2.1092054e-08 2.1204972e-08 2.1318288e-08 2.1431998e-08 2.1546101e-08 2.1660594e-08 2.1775475e-08 2.1890740e-08 2.2006386e-08 2.2122412e-08 2.2238815e-08 2.2355592e-08 2.2472739e-08 2.2590256e-08 2.2708138e-08 2.2826384e-08 2.2944990e-08 2.3063956e-08 2.3183277e-08 2.3302952e-08 2.3422978e-08 2.3543354e-08
1.2579223e-08 1.7820976e-08 1.8660508e-08 1.8766751e-08 1.8873490e-08 1.8980726e-08 1.9088456e-08 1.9196680e-08 1.9305398e-08 1.9414607e-08 1.9524307e-08 1.9634498e-08 1.9745176e-08 1.9856343e-08 1.9967995e-08 2.0080132e-08 2.0192751e-08 2.0305853e-08 2.0419434e-08 2.0533494e-08 2.0648030e-08 2.0763041e-08 2.0878525e-08 2.0994480e-08 2.1110903e-08 2.1227794e-08 2.1345150e-08 2.1462968e-08 2.1581247e-08 2.1699984e-08 2.1819178e-08 2.1938824e-08 2.2058923e-08 2.2179470e-08 2.2300464e-08 2.2421902e-08 2.2543781e-08 2.2666099e-08 2.2788854e-08 2.2912044e-08 2.3035664e-08 2.3159714e-08 2.3284190e-08 2.3409090e-08 2.3534412e-08 2.3660152e-08 2.3786310e-08 2.3912882e-08 2.4039866e-08 2.4167260e-08
1.2818290e-08 1.8161090e-08 1.9018889e-08 1.9129648e-08 1.9240954e-08 1.9352808e-08 1.9465210e-08 1.9578159e-08 1.9691655e-08 1.9805697e-08 1.9920284e-08 2.0035415e-08 2.0151091e-08 2.0267310e-08 2.0384071e-08 2.0501373e-08 2.0619216e-08 2.0737597e-08 2.0856517e-08 2.0975973e-08 2.1095964e-08 2.1216490e-08 2.1337547e-08 2.1459136e-08 2.1581254e-08 2.1703900e-08 2.1827072e-08 2.1950769e-08 2.2074987e-08 2.2199727e-08 2.2324984e-08 2.2450759e-08 2.2577048e-08 2.2703850e-08 2.2831162e-08 2.2958982e-08 2.3087309e-08 2.3216139e-08 2.3345471e-08 2.3475302e-08 2.3605630e-08 2.3736452e-08 2.3867767e-08 2.3999572e-08 2.4131865e-08 2.4264643e-08 2.4397905e-08 2.4531647e-08 2.4665868e-08 2.4800565e-08
1.3057792e-08 1.8501871e-08 1.9378049e-08 1.9493416e-08 1.9609386e-08 1.9725958e-08 1.9843132e-08 1.9960910e-08 2.0079291e-08 2.0198274e-08 2.0317861e-08 2.0438050e-08 2.0558841e-08 2.0680234e-08 2.0802229e-08 2.0924824e-08 2.1048021e-08 2.1171817e-08 2.1296213e-08 2.1421207e-08 2.1546799e-08 2.1672987e-08 2.1799772e-08 2.1927151e-08 2.2055124e-08 2.2183689e-08 2.2312846e-08 2.2442592e-08 2.2572927e-08 2.2703850e-08 2.2835358e-08 2.2967450e-08 2.3100124e-08 2.3233379e-08 2.3367213e-08 2.3501625e-08 2.3636612e-08 2.3772172e-08 2.3908304e-08 2.4045006e-08 2.4182275e-08 2.4320111e-08 2.4458510e-08 2.4597470e-08 2.4736990e-08 2.4877068e-08 2.5017702e-08 2.5158888e-08 2.5300627e-08 2.5442915e-08
1.3297534e-08 1.8843040e-08 1.9737695e-08 1.9857761e-08 1.9978486e-08 2.0099871e-08 2.0221917e-08 2.0344625e-08 2.0467994e-08 2.0592027e-08 2.0716722e-08 2.0842080e-08 2.0968102e-08 2.1094788e-08 2.1222139e-08 2.1350153e-08 2.1478832e-08 2.1608175e-08 2.1738182e-08 2.1868853e-08 2.2000188e-08 2.2132186e-08 2.2264847e-08 2.2398171e-08 2.2532156e-08 2.2666803e-08 2.2802110e-08 2.2938077e-08 2.3074703e-08 2.3211987e-08 2.3349928e-08 2.3488525e-08 2.3627777e-08 2.3767683e-08 2.3908241e-08 2.4049451e-08 2.4191310e-08 2.4333818e-08 2.4476973e-08 2.4620773e-08 2.4765217e-08 2.4910304e-08 2.5056031e-08 2.5202398e-08 2.5349402e-08 2.5497041e-08 2.5645315e-08 2.5794221e-08 2.5943757e-08 2.6093923e-08
1.3537313e-08 1.9184313e-08 2.0097526e-08 2.0222378e-08 2.0347949e-08 2.0474240e-08 2.0601252e-08 2.0728987e-08 2.0857446e-08 2.0986630e-08 2.1116540e-08 2.1247177e-08 2.1378543e-08 2.1510637e-08 2.1643462e-08 2.1777017e-08 2.1911304e-08 2.2046322e-08 2.2182073e-08 2.2318557e-08 2.2455774e-08 2.2593725e-08 2.2732410e-08 2.2871828e-08 2.3011981e-08 2.3152868e-08 2.3294489e-08 2.3436844e-08 2.3579933e-08 2.3723755e-08 2.3868310e-08 2.4013597e-08 2.4159617e-08 2.4306368e-08 2.4453851e-08 2.4602063e-08 2.4751005e-08 2.4900675e-08 2.5051073e-08 2.5202198e-08 2.5354049e-08 2.5506624e-08 2.5659923e-08 2.5813945e-08 2.5968687e-08 2.6124150e-08 2.6280331e-08 2.6437230e-08 2.6594846e-08 2.6753176e-08
1.3776926e-08 1.9525397e-08 2.0457235e-08 2.0586957e-08 2.0717459e-08 2.0848744e-08 2.0980814e-08 2.1113670e-08 2.1247316e-08 2.1381751e-08 2.1516979e-08 2.1653001e-08 2.1789819e-08 2.1927434e-08 2.2065848e-08 2.2205062e-08 2.2345078e-08 2.2485897e-08 2.2627521e-08 2.2769950e-08 2.2913185e-08 2.3057228e-08 2.3202080e-08 2.3347742e-08 2.3494214e-08 2.3641496e-08 2.3789591e-08 2.3938498e-08 2.4088218e-08 2.4238751e-08 2.4390098e-08 2.4542258e-08 2.4695233e-08 2.4849022e-08 2.5003625e-08 2.5159043e-08 2.5315275e-08 2.5472321e-08 2.5630181e-08 2.5788854e-08 2.5948341e-08 2.6108640e-08 2.6269752e-08 2.6431675e-08 2.6594410e-08 2.6757956e-08 2.6922312e-08 2.7087477e-08 2.7253451e-08 2.7420233e-08
1.4016163e-08 1.9865994e-08 2.0816508e-08 2.0951179e-08 2.1086695e-08 2.1223059e-08 2.1360274e-08 2.1498342e-08 2.1637266e-08 2.1777050e-08 2.1917694e-08 2.2059202e-08 2.2201577e-08 2.2344820e-08 2.2488935e-08 2.2633923e-08 2.2779786e-08 2.2926527e-08 2.3074148e-08 2.3222650e-08 2.3372037e-08 2.3522308e-08 2.3673467e-08 2.3825515e-08 2.3978454e-08 2.4132285e-08 2.4287009e-08 2.4442629e-08 2.4599145e-08 2.4756559e-08 2.4914871e-08 2.5074084e-08 2.5234198e-08 2.5395213e-08 2.5557131e-08 2.5719953e-08 2.5883680e-08 2.6048311e-08 2.6213848e-08 2.6380290e-08 2.6547640e-08 2.6715896e-08 2.6885060e-08 2.7055131e-08 2.7226109e-08 2.7397996e-08 2.7570790e-08 2.7744493e-08 2.7919103e-08 2.8094621e-08
1.4254809e-08 2.0205801e-08 2.1175024e-08 2.1314720e-08 2.1455328e-08 2.1596852e-08 2.1739295e-08 2.1882661e-08 2.2026953e-08 2.2172175e-08 2.2318331e-08 2.2465423e-08 2.2613455e-08 2.2762431e-08 2.2912353e-08 2.3063224e-08 2.3215049e-08 2.3367829e-08 2.3521567e-08 2.3676268e-08 2.3831932e-08 2.3988564e-08 2.4146166e-08 2.4304740e-08 2.4464289e-08 2.4624816e-08 2.4786322e-08 2.4948811e-08 2.5112284e-08 2.5276744e-08 2.5442193e-08 2.5608632e-08 2.5776065e-08 2.5944492e-08 2.6113915e-08 2.6284337e-08 2.6455758e-08 2.6628181e-08 2.6801607e-08 2.6976037e-08 2.7151472e-08 2.7327915e-08 2.7505366e-08 2.7683827e-08 2.7863297e-08 2.8043780e-08 2.8225275e-08 2.8407783e-08 2.8591305e-08 2.8775843e-08
1.4492647e-08 2.0544506e-08 2.1532456e-08 2.1677249e-08 2.1823022e-08 2.1969782e-08 2.2117532e-08 2.2266277e-08 2.2416022e-08 2.2566770e-08 2.2718527e-08 2.2871296e-08 2.3025082e-08 2.3179889e-08 2.3335720e-08 2.3492581e-08 2.3650476e-08 2.3809407e-08 2.3969380e-08 2.4130397e-08 2.4292464e-08 2.4455583e-08 2.4619758e-08 2.4784993e-08 2.4951292e-08 2.5118658e-08 2.5287094e-08 2.5456603e-08 2.5627190e-08 2.5798857e-08 2.5971608e-08 2.6145445e-08 2.6320372e-08 2.6496390e-08 2.6673505e-08 2.6851717e-08 2.7031030e-08 2.7211446e-08 2.7392969e-08 2.7575600e-08 2.7759341e-08 2.7944196e-08 2.8130167e-08 2.8317255e-08 2.8505463e-08 2.8694792e-08 2.8885246e-08 2.9076826e-08 2.9269533e-08 2.9463370e-08
1.4729456e-08 2.0881796e-08 2.1888474e-08 2.2038429e-08 2.2189437e-08 2.2341504e-08 2.2494636e-08 2.2648837e-08 2.2804113e-08 2.2960470e-08 2.3117913e-08 2.3276447e-08 2.3436078e-08 2.3596810e-08 2.3758649e-08 2.3921600e-08 2.4085668e-08 2.4250858e-08 2.4417176e-08 2.4584625e-08 2.4753212e-08 2.4922940e-08 2.5093815e-08 2.5265841e-08 2.5439023e-08 2.5613366e-08 2.5788874e-08 2.5965552e-08 2.6143403e-08 2.6322434e-08 2.6502647e-08 2.6684047e-08 2.6866638e-08 2.7050425e-08 2.7235410e-08 2.7421600e-08 2.7608996e-08 2.7797603e-08 2.7987425e-08 2.8178466e-08 2.8370728e-08 2.8564217e-08 2.8758934e-08 2.8954884e-08 2.9152069e-08 2.9350494e-08 2.9550161e-08 2.9751073e-08 2.9953234e-08 3.0156646e-08
1.4965013e-08 2.1217351e-08 2.2242739e-08 2.2397918e-08 2.2554225e-08 2.2711667e-08 2.2870249e-08 2.3029978e-08 2.3190861e-08 2.3352903e-08 2.3516112e-08 2.3680494e-08 2.3846056e-08 2.4012802e-08 2.4180741e-08 2.4349877e-08 2.4520218e-08 2.4691769e-08 2.4864537e-08 2.5038527e-08 2.5213746e-08 2.5390200e-08 2.5567895e-08 2.5746836e-08 2.5927031e-08 2.6108483e-08 2.6291200e-08 2.6475187e-08 2.6660449e-08 2.6846993e-08 2.7034824e-08 2.7223947e-08 2.7414368e-08 2.7606092e-08 2.7799125e-08 2.7993472e-08 2.8189138e-08 2.8386128e-08 2.8584448e-08 2.8784101e-08 2.8985095e-08 2.9187432e-08 2.9391118e-08 2.9596159e-08 2.9802557e-08 3.0010319e-08 3.0219448e-08 3.0429950e-08 3.0641828e-08 3.0855088e-08
1.5199090e-08 2.1550849e-08 2.2594911e-08 2.2755372e-08 2.2917036e-08 2.3079913e-08 2.3244010e-08 2.3409333e-08 2.3575891e-08 2.3743691e-08 2.3912742e-08 2.4083049e-08 2.4254621e-08 2.4427466e-08 2.4601590e-08 2.4777001e-08 2.4953707e-08 2.5131716e-08 2.5311034e-08 2.5491668e-08 2.5673627e-08 2.5856918e-08 2.6041547e-08 2.6227522e-08 2.6414851e-08 2.6603540e-08 2.6793596e-08 2.6985028e-08 2.7177841e-08 2.7372043e-08 2.7567640e-08 2.7764640e-08 2.7963050e-08 2.8162876e-08 2.8364125e-08 2.8566805e-08 2.8770920e-08 2.8976479e-08 2.9183488e-08 2.9391952e-08 2.9601880e-08 2.9813276e-08 3.0026148e-08 3.0240502e-08 3.0456344e-08 3.0673679e-08 3.0892515e-08 3.1112858e-08 3.1334712e-08 3.1558085e-08
1.5431458e-08 2.1881963e-08 2.2944645e-08 2.3110438e-08 2.3277514e-08 2.3445883e-08 2.3615552e-08 2.3786530e-08 2.3958827e-08 2.4132451e-08 2.4307411e-08 2.4483716e-08 2.4661373e-08 2.4840393e-08 2.5020784e-08 2.5202554e-08 2.5385713e-08 2.5570269e-08 2.5756230e-08 2.5943606e-08 2.6132406e-08 2.6322637e-08 2.6514309e-08 2.6707430e-08 2.6902009e-08 2.7098055e-08 2.7295576e-08 2.7494580e-08 2.7695077e-08 2.7897075e-08 2.8100582e-08 2.8305606e-08 2.8512157e-08 2.8720243e-08 2.8929871e-08 2.9141050e-08 2.9353790e-08 2.9568096e-08 2.9783979e-08 3.0001446e-08 3.0220505e-08 3.0441164e-08 3.0663431e-08 3.0887315e-08 3.1112823e-08 3.1339963e-08 3.1568743e-08 3.1799170e-08 3.2031253e-08 3.2264999e-08
1.5661887e-08 2.2210364e-08 2.3291593e-08 2.3462764e-08 2.3635300e-08 2.3809210e-08 2.3984505e-08 2.4161194e-08 2.4339287e-08 2.4518795e-08 2.4699727e-08 2.4882095e-08 2.5065906e-08 2.5251173e-08 2.5437904e-08 2.5626111e-08 2.5815802e-08 2.6006989e-08 2.6199682e-08 2.6393890e-08 2.6589624e-08 2.6786894e-08 2.6985710e-08 2.7186082e-08 2.7388021e-08 2.7591537e-08 2.7796640e-08 2.8003339e-08 2.8211646e-08 2.8421571e-08 2.8633122e-08 2.8846312e-08 2.9061149e-08 2.9277644e-08 2.9495807e-08 2.9715648e-08 2.9937176e-08 3.0160403e-08 3.0385338e-08 3.0611990e-08 3.0840370e-08 3.1070488e-08 3.1302354e-08 3.1535977e-08 3.1771367e-08 3.2008535e-08 3.2247489e-08 3.2488239e-08 3.2730796e-08 3.2975168e-08
1.5890144e-08 2.2535721e-08 2.3635405e-08 2.3811994e-08 2.3990031e-08 2.4169527e-08 2.4350494e-08 2.4532942e-08 2.4716884e-08 2.4902330e-08 2.5089291e-08 2.5277780e-08 2.5467808e-08 2.5659386e-08 2.5852526e-08 2.6047239e-08 2.6243538e-08 2.6441433e-08 2.6640936e-08 2.6842060e-08 2.7044816e-08 2.7249215e-08 2.7455270e-08 2.7662992e-08 2.7872393e-08 2.8083485e-08 2.8296279e-08 2.8510789e-08 2.8727024e-08 2.8944999e-08 2.9164723e-08 2.9386210e-08 2.9609471e-08 2.9834518e-08 3.0061363e-08 3.0290018e-08 3.0520495e-08 3.0752806e-08 3.0986962e-08 3.1222976e-08 3.1460860e-08 3.1700625e-08 3.1942284e-08 3.2185847e-08 3.2431328e-08 3.2678738e-08 3.2928088e-08 3.3179391e-08 3.3432659e-08 3.3687903e-08
1.6115995e-08 2.2857699e-08 2.3975727e-08 2.4157768e-08 2.4341343e-08 2.4526464e-08 2.4713143e-08 2.4901393e-08 2.5091228e-08 2.5282659e-08 2.5475700e-08 2.5670363e-08 2.5866662e-08 2.6064610e-08 2.6264219e-08 2.6465503e-08 2.6668475e-08 2.6873149e-08 2.7079536e-08 2.7287652e-08 2.7497509e-08 2.7709121e-08 2.7922501e-08 2.8137663e-08 2.8354621e-08 2.8573387e-08 2.8793976e-08 2.9016402e-08 2.9240677e-08 2.9466817e-08 2.9694834e-08 2.9924743e-08 3.0156557e-08 3.0390290e-08 3.0625957e-08 3.0863571e-08 3.1103146e-08 3.1344697e-08 3.1588237e-08 3.1833780e-08 3.2081340e-08 3.2330931e-08 3.2582569e-08 3.2836265e-08 3.3092036e-08 3.3349895e-08 3.3609855e-08 3.3871932e-08 3.4136139e-08 3.4402490e-08
1.6339207e-08 2.3175966e-08 2.4312207e-08 2.4499728e-08 2.4688870e-08 2.4879647e-08 2.5072072e-08 2.5266161e-08 2.5461927e-08 2.5659384e-08 2.5858548e-08 2.6059431e-08 2.6262050e-08 2.6466418e-08 2.6672550e-08 2.6880462e-08 2.7090167e-08 2.7301681e-08 2.7515018e-08 2.7730195e-08 2.7947226e-08 2.8166126e-08 2.8386910e-08 2.8609595e-08 2.8834195e-08 2.9060726e-08 2.9289204e-08 2.9519644e-08 2.9752061e-08 2.9986473e-08 3.0222894e-08 3.0461341e-08 3.0701829e-08 3.0944374e-08 3.1188993e-08 3.1435702e-08 3.1684516e-08 3.1935453e-08 3.2188528e-08 3.2443758e-08 3.2701159e-08 3.2960747e-08 3.3222540e-08 3.3486553e-08 3.3752803e-08 3.4021307e-08 3.4292082e-08 3.4565143e-08 3.4840508e-08 3.5118194e-08
