Pycode/rasters/asc_loose 200 shift/q375.asc
ncols 484
nrows 484
xllcenter 78508.47
yllcenter 237089.44
cellsize 5
nodata_value -9999
[rows 44 to 65 of 484, columns 400 to 449 of 484]
9.8052225e-09 9.7570185e-09 9.7083208e-09 9.6591436e-09 9.6095011e-09 9.5594075e-09 9.5088767e-09 9.4579226e-09 9.4065590e-09 9.3547994e-09 9.3026576e-09 9.2501470e-09 9.1972810e-09 9.1440729e-09 9.0905360e-09 9.0366835e-09 8.9825284e-09 8.9280839e-09 8.8733627e-09 8.8183779e-09 8.7631423e-09 8.7076686e-09 8.6519695e-09 8.5960576e-09 8.5399455e-09 8.4836457e-09 8.4271705e-09 8.3705323e-09 8.3137434e-09 8.2568159e-09 8.1997618e-09 8.1425933e-09 8.0853222e-09 8.0279603e-09 7.9705193e-09 7.9130108e-09 7.8554463e-09 7.7978373e-09 7.7401949e-09 7.6825304e-09 7.6248548e-09 7.5671788e-09 7.5095134e-09 7.4518691e-09 7.3942564e-09 7.3366856e-09 7.2791669e-09 7.2217103e-09 7.1643257e-09 7.1070227e-09
9.9084502e-09 9.8587586e-09 9.8085761e-09 9.7579173e-09 9.7067969e-09 9.6552292e-09 9.6032286e-09 9.5508094e-09 9.4979856e-09 9.4447713e-09 9.3911804e-09 9.3372267e-09 9.2829240e-09 9.2282859e-09 9.1733261e-09 9.1180579e-09 9.0624948e-09 9.0066503e-09 8.9505375e-09 8.8941696e-09 8.8375597e-09 8.7807210e-09 8.7236664e-09 8.6664088e-09 8.6089609e-09 8.5513356e-09 8.4935455e-09 8.4356032e-09 8.3775212e-09 8.3193119e-09 8.2609876e-09 8.2025604e-09 8.1440426e-09 8.0854461e-09 8.0267829e-09 7.9680646e-09 7.9093031e-09 7.8505097e-09 7.7916960e-09 7.7328733e-09 7.6740526e-09 7.6152450e-09 7.5564614e-09 7.4977125e-09 7.4390089e-09 7.3803609e-09 7.3217788e-09 7.2632728e-09 7.2048526e-09 7.1465281e-09
1.0012346e-08 9.9611326e-09 9.9094315e-09 9.8572579e-09 9.8046267e-09 9.7515528e-09 9.6980509e-09 9.6441354e-09 9.5898210e-09 9.5351219e-09 9.4800525e-09 9.4246269e-09 9.3688592e-09 9.3127634e-09 9.2563534e-09 9.1996431e-09 9.1426461e-09 9.0853762e-09 9.0278469e-09 8.9700718e-09 8.9120642e-09 8.8538375e-09 8.7954050e-09 8.7367797e-09 8.6779749e-09 8.6190036e-09 8.5598786e-09 8.5006127e-09 8.4412188e-09 8.3817094e-09 8.3220970e-09 8.2623941e-09 8.2026131e-09 8.1427660e-09 8.0828651e-09 8.0229221e-09 7.9629491e-09 7.9029576e-09 7.8429592e-09 7.7829655e-09 7.7229875e-09 7.6630365e-09 7.6031235e-09 7.5432592e-09 7.4834543e-09 7.4237194e-09 7.3640646e-09 7.3045001e-09 7.2450360e-09 7.1856819e-09
1.0116896e-08 1.0064125e-08 1.0010872e-08 9.9571495e-09 9.9029745e-09 9.8483618e-09 9.7933264e-09 9.7378833e-09 9.6820474e-09 9.6258333e-09 9.5692556e-09 9.5123290e-09 9.4550679e-09 9.3974865e-09 9.3395991e-09 9.2814199e-09 9.2229630e-09 9.1642423e-09 9.1052717e-09 9.0460651e-09 8.9866361e-09 8.9269984e-09 8.8671655e-09 8.8071510e-09 8.7469680e-09 8.6866300e-09 8.6261501e-09 8.5655413e-09 8.5048167e-09 8.4439890e-09 8.3830711e-09 8.3220754e-09 8.2610147e-09 8.1999012e-09 8.1387472e-09 8.0775649e-09 8.0163661e-09 7.9551629e-09 7.8939668e-09 7.8327894e-09 7.7716421e-09 7.7105362e-09 7.6494826e-09 7.5884924e-09 7.5275762e-09 7.4667447e-09 7.4060080e-09 7.3453765e-09 7.2848602e-09 7.2244688e-09
1.0222083e-08 1.0167721e-08 1.0112880e-08 1.0057576e-08 1.0001823e-08 9.9456388e-09 9.8890377e-09 9.8320352e-09 9.7746466e-09 9.7168869e-09 9.6587711e-09 9.6003142e-09 9.5415309e-09 9.4824358e-09 9.4230436e-09 9.3633688e-09 9.3034257e-09 9.2432286e-09 9.1827918e-09 9.1221294e-09 9.0612554e-09 9.0001837e-09 8.9389281e-09 8.8775024e-09 8.8159202e-09 8.7541950e-09 8.6923403e-09 8.6303693e-09 8.5682953e-09 8.5061312e-09 8.4438902e-09 8.3815850e-09 8.3192283e-09 8.2568326e-09 8.1944105e-09 8.1319741e-09 8.0695357e-09 8.0071072e-09 7.9447004e-09 7.8823271e-09 7.8199986e-09 7.7577264e-09 7.6955216e-09 7.6333951e-09 7.5713578e-09 7.5094203e-09 7.4475930e-09 7.3858860e-09 7.3243095e-09 7.2628732e-09
1.0327894e-08 1.0271904e-08 1.0215440e-08 1.0158519e-08 1.0101155e-08 1.0043366e-08 9.9851661e-09 9.9265722e-09 9.8675995e-09 9.8082634e-09 9.7485794e-09 9.6885626e-09 9.6282283e-09 9.5675913e-09 9.5066667e-09 9.4454693e-09 9.3840138e-09 9.3223147e-09 9.2603867e-09 9.1982442e-09 9.1359015e-09 9.0733727e-09 9.0106720e-09 8.9478135e-09 8.8848109e-09 8.8216781e-09 8.7584288e-09 8.6950764e-09 8.6316344e-09 8.5681161e-09 8.5045346e-09 8.4409031e-09 8.3772342e-09 8.3135409e-09 8.2498357e-09 8.1861310e-09 8.1224391e-09 8.0587721e-09 7.9951420e-09 7.9315605e-09 7.8680393e-09 7.8045897e-09 7.7412230e-09 7.6779502e-09 7.6147822e-09 7.5517297e-09 7.4888030e-09 7.4260125e-09 7.3633681e-09 7.3008798e-09
1.0434309e-08 1.0376656e-08 1.0318534e-08 1.0259961e-08 1.0200952e-08 1.0141523e-08 1.0081693e-08 1.0021475e-08 9.9608864e-09 9.8999430e-09 9.8386603e-09 9.7770540e-09 9.7151395e-09 9.6529323e-09 9.5904476e-09 9.5277006e-09 9.4647062e-09 9.4014796e-09 9.3380354e-09 9.2743884e-09 9.2105532e-09 9.1465444e-09 9.0823763e-09 9.0180632e-09 8.9536193e-09 8.8890585e-09 8.8243948e-09 8.7596419e-09 8.6948136e-09 8.6299232e-09 8.5649841e-09 8.5000097e-09 8.4350128e-09 8.3700064e-09 8.3050034e-09 8.2400161e-09 8.1750572e-09 8.1101387e-09 8.0452728e-09 7.9804713e-09 7.9157459e-09 7.8511081e-09 7.7865692e-09 7.7221404e-09 7.6578324e-09 7.5936560e-09 7.5296217e-09 7.4657397e-09 7.4020201e-09 7.3384727e-09
1.0541313e-08 1.0481959e-08 1.0422144e-08 1.0361883e-08 1.0301193e-08 1.0240093e-08 1.0178597e-08 1.0116723e-08 1.0054487e-08 9.9919048e-09 9.9289929e-09 9.8657672e-09 9.8022435e-09 9.7384375e-09 9.6743649e-09 9.6100411e-09 9.5454815e-09 9.4807015e-09 9.4157160e-09 9.3505403e-09 9.2851891e-09 9.2196773e-09 9.1540195e-09 9.0882302e-09 9.0223240e-09 8.9563149e-09 8.8902173e-09 8.8240450e-09 8.7578120e-09 8.6915318e-09 8.6252182e-09 8.5588844e-09 8.4925438e-09 8.4262093e-09 8.3598938e-09 8.2936101e-09 8.2273707e-09 8.1611880e-09 8.0950741e-09 8.0290409e-09 7.9631003e-09 7.8972637e-09 7.8315426e-09 7.7659481e-09 7.7004912e-09 7.6351824e-09 7.5700324e-09 7.5050514e-09 7.4402495e-09 7.3756364e-09
1.0648885e-08 1.0587795e-08 1.0526249e-08 1.0464265e-08 1.0401861e-08 1.0339053e-08 1.0275859e-08 1.0212296e-08 1.0148380e-08 1.0084128e-08 1.0019556e-08 9.9546805e-09 9.8895182e-09 9.8240849e-09 9.7583964e-09 9.6924687e-09 9.6263175e-09 9.5599583e-09 9.4934066e-09 9.4266777e-09 9.3597869e-09 9.2927491e-09 9.2255794e-09 9.1582925e-09 9.0909031e-09 9.0234257e-09 8.9558746e-09 8.8882642e-09 8.8206083e-09 8.7529210e-09 8.6852160e-09 8.6175067e-09 8.5498067e-09 8.4821291e-09 8.4144870e-09 8.3468932e-09 8.2793603e-09 8.2119007e-09 8.1445268e-09 8.0772506e-09 8.0100839e-09 7.9430383e-09 7.8761253e-09 7.8093559e-09 7.7427412e-09 7.6762919e-09 7.6100185e-09 7.5439312e-09 7.4780401e-09 7.4123549e-09
1.0757008e-08 1.0694143e-08 1.0630830e-08 1.0567087e-08 1.0502932e-08 1.0438383e-08 1.0373457e-08 1.0308172e-08 1.0242543e-08 1.0176589e-08 1.0110326e-08 1.0043772e-08 9.9769413e-09 9.9098518e-09 9.8425196e-09 9.7749608e-09 9.7071914e-09 9.6392273e-09 9.5710843e-09 9.5027781e-09 9.4343240e-09 9.3657375e-09 9.2970337e-09 9.2282278e-09 9.1593345e-09 9.0903687e-09 9.0213449e-09 8.9522776e-09 8.8831811e-09 8.8140693e-09 8.7449562e-09 8.6758556e-09 8.6067809e-09 8.5377456e-09 8.4687627e-09 8.3998453e-09 8.3310060e-09 8.2622574e-09 8.1936119e-09 8.1250816e-09 8.0566783e-09 7.9884136e-09 7.9202992e-09 7.8523460e-09 7.7845652e-09 7.7169674e-09 7.6495631e-09 7.5823626e-09 7.5153758e-09 7.4486126e-09
1.0865660e-08 1.0800982e-08 1.0735865e-08 1.0670327e-08 1.0604387e-08 1.0538061e-08 1.0471369e-08 1.0404328e-08 1.0336954e-08 1.0269267e-08 1.0201282e-08 1.0133017e-08 1.0064489e-08 9.9957151e-09 9.9267111e-09 9.8574939e-09 9.7880799e-09 9.7184852e-09 9.6487259e-09 9.5788180e-09 9.5087773e-09 9.4386192e-09 9.3683594e-09 9.2980131e-09 9.2275955e-09 9.1571215e-09 9.0866059e-09 9.0160633e-09 8.9455082e-09 8.8749549e-09 8.8044175e-09 8.7339097e-09 8.6634453e-09 8.5930378e-09 8.5227004e-09 8.4524462e-09 8.3822880e-09 8.3122384e-09 8.2423099e-09 8.1725146e-09 8.1028645e-09 8.0333712e-09 7.9640461e-09 7.8949006e-09 7.8259455e-09 7.7571916e-09 7.6886494e-09 7.6203290e-09 7.5522404e-09 7.4843934e-09
1.0974821e-08 1.0908292e-08 1.0841333e-08 1.0773964e-08 1.0706201e-08 1.0638064e-08 1.0569572e-08 1.0500741e-08 1.0431590e-08 1.0362137e-08 1.0292399e-08 1.0222394e-08 1.0152139e-08 1.0081651e-08 1.0010947e-08 9.9400442e-09 9.8689590e-09 9.7977080e-09 9.7263076e-09 9.6547739e-09 9.5831230e-09 9.5113709e-09 9.4395331e-09 9.3676254e-09 9.2956629e-09 9.2236610e-09 9.1516346e-09 9.0795986e-09 9.0075675e-09 8.9355559e-09 8.8635779e-09 8.7916475e-09 8.7197786e-09 8.6479847e-09 8.5762793e-09 8.5046754e-09 8.4331860e-09 8.3618239e-09 8.2906013e-09 8.2195306e-09 8.1486237e-09 8.0778923e-09 8.0073479e-09 7.9370016e-09 7.8668646e-09 7.7969473e-09 7.7272603e-09 7.6578138e-09 7.5886176e-09 7.5196815e-09
1.1084467e-08 1.1016050e-08 1.0947212e-08 1.0877973e-08 1.0808352e-08 1.0738369e-08 1.0668041e-08 1.0597387e-08 1.0526426e-08 1.0455175e-08 1.0383653e-08 1.0311877e-08 1.0239865e-08 1.0167634e-08 1.0095203e-08 1.0022587e-08 9.9498042e-09 9.8768713e-09 9.8038049e-09 9.7306214e-09 9.6573371e-09 9.5839684e-09 9.5105310e-09 9.4370408e-09 9.3635134e-09 9.2899641e-09 9.2164082e-09 9.1428607e-09 9.0693364e-09 8.9958498e-09 8.9224153e-09 8.8490471e-09 8.7757592e-09 8.7025651e-09 8.6294784e-09 8.5565123e-09 8.4836798e-09 8.4109937e-09 8.3384663e-09 8.2661100e-09 8.1939368e-09 8.1219583e-09 8.0501860e-09 7.9786312e-09 7.9073047e-09 7.8362172e-09 7.7653790e-09 7.6948004e-09 7.6244912e-09 7.5544608e-09
1.1194578e-08 1.1124232e-08 1.1053476e-08 1.0982332e-08 1.0910817e-08 1.0838951e-08 1.0766753e-08 1.0694242e-08 1.0621437e-08 1.0548356e-08 1.0475018e-08 1.0401441e-08 1.0327643e-08 1.0253641e-08 1.0179453e-08 1.0105097e-08 1.0030591e-08 9.9559502e-09 9.8811929e-09 9.8063357e-09 9.7313950e-09 9.6563872e-09 9.5813287e-09 9.5062353e-09 9.4311228e-09 9.3560070e-09 9.2809031e-09 9.2058263e-09 9.1307917e-09 9.0558139e-09 8.9809074e-09 8.9060865e-09 8.8313652e-09 8.7567574e-09 8.6822766e-09 8.6079360e-09 8.5337488e-09 8.4597276e-09 8.3858850e-09 8.3122334e-09 8.2387845e-09 8.1655503e-09 8.0925420e-09 8.0197710e-09 7.9472480e-09 7.8749837e-09 7.8029884e-09 7.7312721e-09 7.6598447e-09 7.5887155e-09
1.1305127e-08 1.1232814e-08 1.1160103e-08 1.1087014e-08 1.1013568e-08 1.0939784e-08 1.0865682e-08 1.0791280e-08 1.0716598e-08 1.0641655e-08 1.0566470e-08 1.0491061e-08 1.0415446e-08 1.0339644e-08 1.0263672e-08 1.0187549e-08 1.0111292e-08 1.0034919e-08 9.9584463e-09 9.8818915e-09 9.8052714e-09 9.7286025e-09 9.6519014e-09 9.5751842e-09 9.4984670e-09 9.4217656e-09 9.3450955e-09 9.2684720e-09 9.1919103e-09 9.1154252e-09 9.0390314e-09 8.9627432e-09 8.8865747e-09 8.8105399e-09 8.7346524e-09 8.6589254e-09 8.5833721e-09 8.5080053e-09 8.4328375e-09 8.3578809e-09 8.2831477e-09 8.2086494e-09 8.1343974e-09 8.0604029e-09 7.9866768e-09 7.9132295e-09 7.8400713e-09 7.7672121e-09 7.6946618e-09 7.6224295e-09
1.1416092e-08 1.1341771e-08 1.1267066e-08 1.1191996e-08 1.1116582e-08 1.1040844e-08 1.0964801e-08 1.0888475e-08 1.0811883e-08 1.0735045e-08 1.0657981e-08 1.0580709e-08 1.0503248e-08 1.0425617e-08 1.0347834e-08 1.0269917e-08 1.0191883e-08 1.0113752e-08 1.0035539e-08 9.9572632e-09 9.8789408e-09 9.8005888e-09 9.7222240e-09 9.6438628e-09 9.5655212e-09 9.4872155e-09 9.4089611e-09 9.3307737e-09 9.2526685e-09 9.1746604e-09 9.0967643e-09 9.0189945e-09 8.9413653e-09 8.8638906e-09 8.7865841e-09 8.7094592e-09 8.6325289e-09 8.5558062e-09 8.4793034e-09 8.4030330e-09 8.3270068e-09 8.2512365e-09 8.1757334e-09 8.1005087e-09 8.0255730e-09 7.9509369e-09 7.8766106e-09 7.8026038e-09 7.7289261e-09 7.6555868e-09
1.1527445e-08 1.1451078e-08 1.1374339e-08 1.1297250e-08 1.1219831e-08 1.1142102e-08 1.1064085e-08 1.0985799e-08 1.0907263e-08 1.0828499e-08 1.0749524e-08 1.0670359e-08 1.0591023e-08 1.0511534e-08 1.0431911e-08 1.0352172e-08 1.0272337e-08 1.0192421e-08 1.0112445e-08 1.0032424e-08 9.9523770e-09 9.8723203e-09 9.7922709e-09 9.7122455e-09 9.6322604e-09 9.5523318e-09 9.4724756e-09 9.3927073e-09 9.3130425e-09 9.2334961e-09 9.1540829e-09 9.0748176e-09 8.9957145e-09 8.9167874e-09 8.8380501e-09 8.7595160e-09 8.6811982e-09 8.6031096e-09 8.5252626e-09 8.4476696e-09 8.3703423e-09 8.2932925e-09 8.2165313e-09 8.1400699e-09 8.0639189e-09 7.9880886e-09 7.9125891e-09 7.8374302e-09 7.7626213e-09 7.6881715e-09
1.1639161e-08 1.1560707e-08 1.1481896e-08 1.1402749e-08 1.1323287e-08 1.1243532e-08 1.1163504e-08 1.1083224e-08 1.1002712e-08 1.0921988e-08 1.0841072e-08 1.0759983e-08 1.0678742e-08 1.0597366e-08 1.0515876e-08 1.0434289e-08 1.0352625e-08 1.0270901e-08 1.0189136e-08 1.0107348e-08 1.0025554e-08 9.9437706e-09 9.8620160e-09 9.7803066e-09 9.6986589e-09 9.6170894e-09 9.5356139e-09 9.4542483e-09 9.3730080e-09 9.2919082e-09 9.2109638e-09 9.1301894e-09 9.0495994e-09 8.9692077e-09 8.8890282e-09 8.8090741e-09 8.7293587e-09 8.6498947e-09 8.5706946e-09 8.4917707e-09 8.4131347e-09 8.3347982e-09 8.2567724e-09 8.1790682e-09 8.1016963e-09 8.0246669e-09 7.9479898e-09 7.8716748e-09 7.7957311e-09 7.7201677e-09
1.1751211e-08 1.1670630e-08 1.1589707e-08 1.1508464e-08 1.1426922e-08 1.1345105e-08 1.1263031e-08 1.1180723e-08 1.1098200e-08 1.1015484e-08 1.0932595e-08 1.0849552e-08 1.0766376e-08 1.0683085e-08 1.0599700e-08 1.0516239e-08 1.0432720e-08 1.0349164e-08 1.0265586e-08 1.0182007e-08 1.0098444e-08 1.0014913e-08 9.9314328e-09 9.8480199e-09 9.7646911e-09 9.6814628e-09 9.5983511e-09 9.5153718e-09 9.4325406e-09 9.3498728e-09 9.2673832e-09 9.1850865e-09 9.1029972e-09 9.0211292e-09 8.9394963e-09 8.8581119e-09 8.7769891e-09 8.6961406e-09 8.6155790e-09 8.5353162e-09 8.4553642e-09 8.3757343e-09 8.2964378e-09 8.2174853e-09 8.1388874e-09 8.0606542e-09 7.9827955e-09 7.9053207e-09 7.8282391e-09 7.7515594e-09
1.1863568e-08 1.1780818e-08 1.1697744e-08 1.1614366e-08 1.1530708e-08 1.1446790e-08 1.1362636e-08 1.1278265e-08 1.1193699e-08 1.1108959e-08 1.1024065e-08 1.0939037e-08 1.0853897e-08 1.0768663e-08 1.0683355e-08 1.0597992e-08 1.0512595e-08 1.0427180e-08 1.0341767e-08 1.0256374e-08 1.0171019e-08 1.0085720e-08 1.0000495e-08 9.9153591e-09 9.8303307e-09 9.7454261e-09 9.6606615e-09 9.5760528e-09 9.4916156e-09 9.4073654e-09 9.3233171e-09 9.2394854e-09 9.1558847e-09 9.0725291e-09 8.9894322e-09 8.9066074e-09 8.8240679e-09 8.7418263e-09 8.6598950e-09 8.5782860e-09 8.4970111e-09 8.4160817e-09 8.3355086e-09 8.2553026e-09 8.1754741e-09 8.0960330e-09 8.0169890e-09 7.9383514e-09 7.8601291e-09 7.7823309e-09
1.1976200e-08 1.1891242e-08 1.1805976e-08 1.1720426e-08 1.1634613e-08 1.1548559e-08 1.1462288e-08 1.1375820e-08 1.1289177e-08 1.1202380e-08 1.1115450e-08 1.1028408e-08 1.0941274e-08 1.0854069e-08 1.0766811e-08 1.0679521e-08 1.0592218e-08 1.0504921e-08 1.0417649e-08 1.0330421e-08 1.0243253e-08 1.0156165e-08 1.0069174e-08 9.9822970e-09 9.8955512e-09 9.8089532e-09 9.7225194e-09 9.6362657e-09 9.5502080e-09 9.4643616e-09 9.3787414e-09 9.2933623e-09 9.2082387e-09 9.1233844e-09 9.0388133e-09 8.9545387e-09 8.8705736e-09 8.7869307e-09 8.7036221e-09 8.6206600e-09 8.5380558e-09 8.4558208e-09 8.3739660e-09 8.2925018e-09 8.2114385e-09 8.1307858e-09 8.0505533e-09 7.9707501e-09 7.8913849e-09 7.8124663e-09
1.2089079e-08 1.2001871e-08 1.1914374e-08 1.1826612e-08 1.1738606e-08 1.1650381e-08 1.1561957e-08 1.1473358e-08 1.1384604e-08 1.1295719e-08 1.1206722e-08 1.1117635e-08 1.1028478e-08 1.0939273e-08 1.0850039e-08 1.0760795e-08 1.0671562e-08 1.0582359e-08 1.0493205e-08 1.0404118e-08 1.0315117e-08 1.0226219e-08 1.0137444e-08 1.0048807e-08 9.9603258e-09 9.8720177e-09 9.7838987e-09 9.6959851e-09 9.6082926e-09 9.5208364e-09 9.4336318e-09 9.3466934e-09 9.2600355e-09 9.1736723e-09 9.0876172e-09 9.0018837e-09 8.9164846e-09 8.8314325e-09 8.7467396e-09 8.6624177e-09 8.5784783e-09 8.4949326e-09 8.4117912e-09 8.3290645e-09 8.2467626e-09 8.1648951e-09 8.0834714e-09 8.0025002e-09 7.9219904e-09 7.8419500e-09
