Pycode/rasters/asc_loose 200 shift/q375.asc
ncols 484
nrows 484
xllcenter 78508.47
yllcenter 237089.44
cellsize 5
nodata_value -9999
[rows 132 to 153 of 484, columns 250 to 299 of 484]
6.8657095e-08 6.8727139e-08 6.8792112e-08 6.8852560e-08 6.8908981e-08 6.8961822e-08 6.9011476e-08 6.9058280e-08 6.9102510e-08 6.9144381e-08 6.9184046e-08 6.9221595e-08 6.9257054e-08 6.9290388e-08 6.9321501e-08 6.9350235e-08 6.9376378e-08 6.9399662e-08 6.9419768e-08 6.9436332e-08 6.9448944e-08 6.9457157e-08 6.9460488e-08 6.9458427e-08 6.9450439e-08 6.9435969e-08 6.9414450e-08 6.9385306e-08 6.9347955e-08 6.9301822e-08 6.9246333e-08 6.9180928e-08 6.9105064e-08 6.9018216e-08 6.8919884e-08 6.8809595e-08 6.8686908e-08 6.8551415e-08 6.8402745e-08 6.8240566e-08 6.8064585e-08 6.7874552e-08 6.7670259e-08 6.7451544e-08 6.7218286e-08 6.6970409e-08 6.6707881e-08 6.6430713e-08 6.6138957e-08 6.5832706e-08
7.0602719e-08 7.0680840e-08 7.0753514e-08 7.0821287e-08 7.0884652e-08 7.0944049e-08 7.0999864e-08 7.1052421e-08 7.1101982e-08 7.1148747e-08 7.1192850e-08 7.1234360e-08 7.1273281e-08 7.1309556e-08 7.1343061e-08 7.1373614e-08 7.1400976e-08 7.1424852e-08 7.1444895e-08 7.1460713e-08 7.1471871e-08 7.1477894e-08 7.1478277e-08 7.1472484e-08 7.1459959e-08 7.1440128e-08 7.1412405e-08 7.1376199e-08 7.1330918e-08 7.1275972e-08 7.1210784e-08 7.1134788e-08 7.1047440e-08 7.0948218e-08 7.0836626e-08 7.0712199e-08 7.0574508e-08 7.0423159e-08 7.0257799e-08 7.0078113e-08 6.9883833e-08 6.9674733e-08 6.9450634e-08 6.9211400e-08 6.8956944e-08 6.8687222e-08 6.8402236e-08 6.8102034e-08 6.7786704e-08 6.7456377e-08
7.2623054e-08 7.2709757e-08 7.2790603e-08 7.2866133e-08 7.2936834e-08 7.3003140e-08 7.3065425e-08 7.3123999e-08 7.3179110e-08 7.3230938e-08 7.3279597e-08 7.3325136e-08 7.3367535e-08 7.3406709e-08 7.3442510e-08 7.3474729e-08 7.3503097e-08 7.3527292e-08 7.3546939e-08 7.3561618e-08 7.3570866e-08 7.3574184e-08 7.3571040e-08 7.3560877e-08 7.3543117e-08 7.3517167e-08 7.3482424e-08 7.3438283e-08 7.3384141e-08 7.3319401e-08 7.3243479e-08 7.3155809e-08 7.3055846e-08 7.2943074e-08 7.2817004e-08 7.2677184e-08 7.2523197e-08 7.2354666e-08 7.2171259e-08 7.1972685e-08 7.1758700e-08 7.1529108e-08 7.1283758e-08 7.1022549e-08 7.0745427e-08 7.0452385e-08 7.0143462e-08 6.9818745e-08 6.9478362e-08 6.9122485e-08
7.4721705e-08 7.4817524e-08 7.4907035e-08 7.4990774e-08 7.5069221e-08 7.5142800e-08 7.5211872e-08 7.5276731e-08 7.5337608e-08 7.5394663e-08 7.5447990e-08 7.5497611e-08 7.5543482e-08 7.5585492e-08 7.5623463e-08 7.5657159e-08 7.5686283e-08 7.5710481e-08 7.5729352e-08 7.5742446e-08 7.5749274e-08 7.5749311e-08 7.5741999e-08 7.5726760e-08 7.5702994e-08 7.5670092e-08 7.5627436e-08 7.5574407e-08 7.5510393e-08 7.5434790e-08 7.5347014e-08 7.5246497e-08 7.5132699e-08 7.5005110e-08 7.4863254e-08 7.4706691e-08 7.4535023e-08 7.4347893e-08 7.4144992e-08 7.3926055e-08 7.3690870e-08 7.3439269e-08 7.3171137e-08 7.2886409e-08 7.2585068e-08 7.2267147e-08 7.1932726e-08 7.1581933e-08 7.1214939e-08 7.0831960e-08
7.6902483e-08 7.7007980e-08 7.7106675e-08 7.7199097e-08 7.7285717e-08 7.7366945e-08 7.7443127e-08 7.7514542e-08 7.7581401e-08 7.7643841e-08 7.7701932e-08 7.7755671e-08 7.7804987e-08 7.7849739e-08 7.7889724e-08 7.7924671e-08 7.7954256e-08 7.7978096e-08 7.7995758e-08 7.8006765e-08 7.8010601e-08 7.8006713e-08 7.7994523e-08 7.7973427e-08 7.7942810e-08 7.7902043e-08 7.7850495e-08 7.7787538e-08 7.7712551e-08 7.7624928e-08 7.7524082e-08 7.7409451e-08 7.7280501e-08 7.7136733e-08 7.6977683e-08 7.6802931e-08 7.6612098e-08 7.6404853e-08 7.6180913e-08 7.5940044e-08 7.5682064e-08 7.5406845e-08 7.5114306e-08 7.4804423e-08 7.4477220e-08 7.4132773e-08 7.3771207e-08 7.3392693e-08 7.2997450e-08 7.2585739e-08
7.9169423e-08 7.9285191e-08 7.9393615e-08 7.9495214e-08 7.9590448e-08 7.9679712e-08 7.9763337e-08 7.9841580e-08 7.9914631e-08 7.9982604e-08 8.0045541e-08 8.0103414e-08 8.0156122e-08 8.0203495e-08 8.0245296e-08 8.0281229e-08 8.0310934e-08 8.0333999e-08 8.0349962e-08 8.0358317e-08 8.0358520e-08 8.0349995e-08 8.0332138e-08 8.0304327e-08 8.0265926e-08 8.0216293e-08 8.0154785e-08 8.0080766e-08 7.9993609e-08 7.9892709e-08 7.9777480e-08 7.9647366e-08 7.9501844e-08 7.9340429e-08 7.9162675e-08 7.8968182e-08 7.8756597e-08 7.8527617e-08 7.8280989e-08 7.8016514e-08 7.7734047e-08 7.7433498e-08 7.7114830e-08 7.6778059e-08 7.6423257e-08 7.6050546e-08 7.5660096e-08 7.5252130e-08 7.4826915e-08 7.4384760e-08
8.1526793e-08 8.1653457e-08 8.1772181e-08 8.1883474e-08 8.1987781e-08 8.2085481e-08 8.2176885e-08 8.2262228e-08 8.2341676e-08 8.2415318e-08 8.2483168e-08 8.2545166e-08 8.2601183e-08 8.2651017e-08 8.2694401e-08 8.2731002e-08 8.2760433e-08 8.2782249e-08 8.2795959e-08 8.2801029e-08 8.2796886e-08 8.2782929e-08 8.2758535e-08 8.2723060e-08 8.2675854e-08 8.2616259e-08 8.2543626e-08 8.2457309e-08 8.2356683e-08 8.2241142e-08 8.2110108e-08 8.1963034e-08 8.1799410e-08 8.1618770e-08 8.1420690e-08 8.1204793e-08 8.0970758e-08 8.0718311e-08 8.0447237e-08 8.0157375e-08 7.9848620e-08 7.9520926e-08 7.9174301e-08 7.8808810e-08 7.8424573e-08 7.8021761e-08 7.7600598e-08 7.7161357e-08 7.6704357e-08 7.6229962e-08
8.3979118e-08 8.4117333e-08 8.4246956e-08 8.4368481e-08 8.4482337e-08 8.4588883e-08 8.4688406e-08 8.4781121e-08 8.4867163e-08 8.4946595e-08 8.5019401e-08 8.5085491e-08 8.5144701e-08 8.5196797e-08 8.5241479e-08 8.5278383e-08 8.5307087e-08 8.5327116e-08 8.5337948e-08 8.5339021e-08 8.5329736e-08 8.5309470e-08 8.5277577e-08 8.5233396e-08 8.5176262e-08 8.5105508e-08 8.5020475e-08 8.4920518e-08 8.4805011e-08 8.4673353e-08 8.4524976e-08 8.4359347e-08 8.4175974e-08 8.3974413e-08 8.3754264e-08 8.3515184e-08 8.3256881e-08 8.2979121e-08 8.2681726e-08 8.2364580e-08 8.2027624e-08 8.1670859e-08 8.1294342e-08 8.0898191e-08 8.0482578e-08 8.0047730e-08 7.9593924e-08 7.9121490e-08 7.8630803e-08 7.8122281e-08
8.6531187e-08 8.6681645e-08 8.6822795e-08 8.6955113e-08 8.7079008e-08 8.7194819e-08 8.7302807e-08 8.7403159e-08 8.7495983e-08 8.7581310e-08 8.7659092e-08 8.7729206e-08 8.7791454e-08 8.7845569e-08 8.7891215e-08 8.7927994e-08 8.7955453e-08 8.7973084e-08 8.7980336e-08 8.7976619e-08 8.7961309e-08 8.7933760e-08 8.7893306e-08 8.7839273e-08 8.7770982e-08 8.7687758e-08 8.7588940e-08 8.7473881e-08 8.7341960e-08 8.7192586e-08 8.7025205e-08 8.6839301e-08 8.6634406e-08 8.6410101e-08 8.6166017e-08 8.5901846e-08 8.5617334e-08 8.5312288e-08 8.4986577e-08 8.4640130e-08 8.4272940e-08 8.3885060e-08 8.3476602e-08 8.3047740e-08 8.2598702e-08 8.2129775e-08 8.1641296e-08 8.1133652e-08 8.0607278e-08 8.0062653e-08
8.9188080e-08 8.9351508e-08 8.9504841e-08 8.9648535e-08 8.9782978e-08 8.9908480e-08 9.0025278e-08 9.0133529e-08 9.0233308e-08 9.0324613e-08 9.0407363e-08 9.0481398e-08 9.0546487e-08 9.0602324e-08 9.0648541e-08 9.0684704e-08 9.0710327e-08 9.0724871e-08 9.0727755e-08 9.0718362e-08 9.0696045e-08 9.0660137e-08 9.0609955e-08 9.0544810e-08 9.0464016e-08 9.0366892e-08 9.0252776e-08 9.0121027e-08 8.9971031e-08 8.9802212e-08 8.9614032e-08 8.9406001e-08 8.9177675e-08 8.8928668e-08 8.8658648e-08 8.8367345e-08 8.8054549e-08 8.7720114e-08 8.7363960e-08 8.6986068e-08 8.6586485e-08 8.6165324e-08 8.5722755e-08 8.5259013e-08 8.4774390e-08 8.4269232e-08 8.3743941e-08 8.3198967e-08 8.2634809e-08 8.2052006e-08
9.1955184e-08 9.2132345e-08 9.2298547e-08 9.2454224e-08 9.2599735e-08 9.2735366e-08 9.2861319e-08 9.2977720e-08 9.3084610e-08 9.3181952e-08 9.3269628e-08 9.3347441e-08 9.3415122e-08 9.3472330e-08 9.3518659e-08 9.3553642e-08 9.3576758e-08 9.3587437e-08 9.3585072e-08 9.3569017e-08 9.3538605e-08 9.3493149e-08 9.3431951e-08 9.3354314e-08 9.3259543e-08 9.3146958e-08 9.3015900e-08 9.2865734e-08 9.2695864e-08 9.2505728e-08 9.2294813e-08 9.2062657e-08 9.1808849e-08 9.1533039e-08 9.1234938e-08 9.0914319e-08 9.0571024e-08 9.0204958e-08 8.9816096e-08 8.9404479e-08 8.8970215e-08 8.8513477e-08 8.8034502e-08 8.7533590e-08 8.7011099e-08 8.6467443e-08 8.5903091e-08 8.5318560e-08 8.4714415e-08 8.4091263e-08
9.4838214e-08 9.5029910e-08 9.5209698e-08 9.5377986e-08 9.5535103e-08 9.5681302e-08 9.5816753e-08 9.5941545e-08 9.6055683e-08 9.6159091e-08 9.6251612e-08 9.6333012e-08 9.6402982e-08 9.6461143e-08 9.6507053e-08 9.6540209e-08 9.6560058e-08 9.6566001e-08 9.6557399e-08 9.6533587e-08 9.6493874e-08 9.6437558e-08 9.6363931e-08 9.6272287e-08 9.6161929e-08 9.6032181e-08 9.5882389e-08 9.5711935e-08 9.5520239e-08 9.5306764e-08 9.5071026e-08 9.4812594e-08 9.4531099e-08 9.4226232e-08 9.3897752e-08 9.3545484e-08 9.3169324e-08 9.2769238e-08 9.2345259e-08 9.1897495e-08 9.1426120e-08 9.0931374e-08 9.0413566e-08 8.9873064e-08 8.9310299e-08 8.8725758e-08 8.8119979e-08 8.7493553e-08 8.6847113e-08 8.6181337e-08
9.7843239e-08 9.8050310e-08 9.8244433e-08 9.8425982e-08 9.8595254e-08 9.8752466e-08 9.8897751e-08 9.9031160e-08 9.9152657e-08 9.9262125e-08 9.9359368e-08 9.9444110e-08 9.9516002e-08 9.9574628e-08 9.9619506e-08 9.9650100e-08 9.9665824e-08 9.9666049e-08 9.9650112e-08 9.9617324e-08 9.9566978e-08 9.9498358e-08 9.9410747e-08 9.9303437e-08 9.9175732e-08 9.9026964e-08 9.8856494e-08 9.8663720e-08 9.8448087e-08 9.8209087e-08 9.7946272e-08 9.7659252e-08 9.7347700e-08 9.7011359e-08 9.6650040e-08 9.6263629e-08 9.5852081e-08 9.5415428e-08 9.4953771e-08 9.4467288e-08 9.3956226e-08 9.3420899e-08 9.2861690e-08 9.2279046e-08 9.1673472e-08 9.1045531e-08 9.0395840e-08 8.9725063e-08 8.9033909e-08 8.8323128e-08
1.0097670e-07 1.0120003e-07 1.0140927e-07 1.0160475e-07 1.0178674e-07 1.0195541e-07 1.0211086e-07 1.0225309e-07 1.0238203e-07 1.0249751e-07 1.0259930e-07 1.0268708e-07 1.0276046e-07 1.0281897e-07 1.0286212e-07 1.0288931e-07 1.0289995e-07 1.0289336e-07 1.0286886e-07 1.0282575e-07 1.0276329e-07 1.0268078e-07 1.0257748e-07 1.0245268e-07 1.0230571e-07 1.0213590e-07 1.0194264e-07 1.0172534e-07 1.0148349e-07 1.0121661e-07 1.0092429e-07 1.0060619e-07 1.0026203e-07 9.9891627e-08 9.9494839e-08 9.9071619e-08 9.8621992e-08 9.8146061e-08 9.7644003e-08 9.7116072e-08 9.6562592e-08 9.5983960e-08 9.5380640e-08 9.4753158e-08 9.4102104e-08 9.3428121e-08 9.2731905e-08 9.2014203e-08 9.1275800e-08 9.0517522e-08
1.0424546e-07 1.0448597e-07 1.0471112e-07 1.0492123e-07 1.0511651e-07 1.0529709e-07 1.0546301e-07 1.0561425e-07 1.0575067e-07 1.0587208e-07 1.0597818e-07 1.0606862e-07 1.0614297e-07 1.0620072e-07 1.0624132e-07 1.0626418e-07 1.0626863e-07 1.0625400e-07 1.0621958e-07 1.0616464e-07 1.0608846e-07 1.0599030e-07 1.0586944e-07 1.0572518e-07 1.0555684e-07 1.0536379e-07 1.0514544e-07 1.0490123e-07 1.0463068e-07 1.0433337e-07 1.0400893e-07 1.0365707e-07 1.0327759e-07 1.0287034e-07 1.0243527e-07 1.0197240e-07 1.0148182e-07 1.0096373e-07 1.0041837e-07 9.9846098e-08 9.9247310e-08 9.8622493e-08 9.7972197e-08 9.7297037e-08 9.6597689e-08 9.5874883e-08 9.5129401e-08 9.4362073e-08 9.3573766e-08 9.2765388e-08
1.0765678e-07 1.0791543e-07 1.0815736e-07 1.0838281e-07 1.0859195e-07 1.0878488e-07 1.0896158e-07 1.0912197e-07 1.0926589e-07 1.0939307e-07 1.0950319e-07 1.0959584e-07 1.0967055e-07 1.0972677e-07 1.0976392e-07 1.0978136e-07 1.0977841e-07 1.0975437e-07 1.0970851e-07 1.0964010e-07 1.0954840e-07 1.0943266e-07 1.0929219e-07 1.0912629e-07 1.0893430e-07 1.0871562e-07 1.0846968e-07 1.0819598e-07 1.0789407e-07 1.0756358e-07 1.0720420e-07 1.0681572e-07 1.0639797e-07 1.0595091e-07 1.0547455e-07 1.0496898e-07 1.0443440e-07 1.0387107e-07 1.0327935e-07 1.0265966e-07 1.0201250e-07 1.0133845e-07 1.0063816e-07 9.9912325e-08 9.9161722e-08 9.8387172e-08 9.7589547e-08 9.6769762e-08 9.5928775e-08 9.5067574e-08
1.1121842e-07 1.1149623e-07 1.1175579e-07 1.1199731e-07 1.1222091e-07 1.1242661e-07 1.1261437e-07 1.1278404e-07 1.1293541e-07 1.1306816e-07 1.1318192e-07 1.1327624e-07 1.1335060e-07 1.1340441e-07 1.1343707e-07 1.1344789e-07 1.1343617e-07 1.1340120e-07 1.1334223e-07 1.1325851e-07 1.1314930e-07 1.1301389e-07 1.1285156e-07 1.1266164e-07 1.1244352e-07 1.1219660e-07 1.1192038e-07 1.1161438e-07 1.1127822e-07 1.1091159e-07 1.1051425e-07 1.1008604e-07 1.0962690e-07 1.0913683e-07 1.0861596e-07 1.0806446e-07 1.0748262e-07 1.0687080e-07 1.0622944e-07 1.0555908e-07 1.0486031e-07 1.0413381e-07 1.0338033e-07 1.0260067e-07 1.0179570e-07 1.0096634e-07 1.0011355e-07 9.9238344e-08 9.8341770e-08 9.7424903e-08
1.1493862e-07 1.1523664e-07 1.1551475e-07 1.1577309e-07 1.1601172e-07 1.1623062e-07 1.1642969e-07 1.1660871e-07 1.1676743e-07 1.1690547e-07 1.1702242e-07 1.1711776e-07 1.1719095e-07 1.1724136e-07 1.1726834e-07 1.1727118e-07 1.1724918e-07 1.1720157e-07 1.1712762e-07 1.1702658e-07 1.1689770e-07 1.1674028e-07 1.1655363e-07 1.1633712e-07 1.1609014e-07 1.1581217e-07 1.1550272e-07 1.1516140e-07 1.1478788e-07 1.1438191e-07 1.1394334e-07 1.1347209e-07 1.1296818e-07 1.1243172e-07 1.1186290e-07 1.1126201e-07 1.1062945e-07 1.0996566e-07 1.0927121e-07 1.0854673e-07 1.0779292e-07 1.0701057e-07 1.0620054e-07 1.0536373e-07 1.0450111e-07 1.0361371e-07 1.0270260e-07 1.0176887e-07 1.0081367e-07 9.9838174e-08
1.1882616e-07 1.1914549e-07 1.1944308e-07 1.1971900e-07 1.1997325e-07 1.2020576e-07 1.2041634e-07 1.2060475e-07 1.2077065e-07 1.2091363e-07 1.2103320e-07 1.2112882e-07 1.2119989e-07 1.2124575e-07 1.2126572e-07 1.2125907e-07 1.2122506e-07 1.2116294e-07 1.2107195e-07 1.2095135e-07 1.2080041e-07 1.2061844e-07 1.2040479e-07 1.2015885e-07 1.1988007e-07 1.1956796e-07 1.1922212e-07 1.1884220e-07 1.1842795e-07 1.1797922e-07 1.1749591e-07 1.1697806e-07 1.1642577e-07 1.1583926e-07 1.1521883e-07 1.1456488e-07 1.1387790e-07 1.1315846e-07 1.1240724e-07 1.1162499e-07 1.1081252e-07 1.0997073e-07 1.0910060e-07 1.0820314e-07 1.0727944e-07 1.0633063e-07 1.0535787e-07 1.0436237e-07 1.0334538e-07 1.0230815e-07
1.2289039e-07 1.2323218e-07 1.2355020e-07 1.2384448e-07 1.2411494e-07 1.2436143e-07 1.2458371e-07 1.2478147e-07 1.2495431e-07 1.2510177e-07 1.2522330e-07 1.2531832e-07 1.2538618e-07 1.2542620e-07 1.2543766e-07 1.2541981e-07 1.2537189e-07 1.2529316e-07 1.2518285e-07 1.2504023e-07 1.2486461e-07 1.2465531e-07 1.2441171e-07 1.2413326e-07 1.2381946e-07 1.2346989e-07 1.2308421e-07 1.2266215e-07 1.2220355e-07 1.2170834e-07 1.2117653e-07 1.2060825e-07 1.2000373e-07 1.1936328e-07 1.1868732e-07 1.1797638e-07 1.1723106e-07 1.1645206e-07 1.1564018e-07 1.1479628e-07 1.1392132e-07 1.1301632e-07 1.1208235e-07 1.1112057e-07 1.1013217e-07 1.0911839e-07 1.0808052e-07 1.0701986e-07 1.0593776e-07 1.0483557e-07
1.2714129e-07 1.2750673e-07 1.2784618e-07 1.2815959e-07 1.2844682e-07 1.2870765e-07 1.2894176e-07 1.2914877e-07 1.2932823e-07 1.2947960e-07 1.2960230e-07 1.2969570e-07 1.2975911e-07 1.2979182e-07 1.2979306e-07 1.2976210e-07 1.2969816e-07 1.2960049e-07 1.2946834e-07 1.2930100e-07 1.2909781e-07 1.2885812e-07 1.2858137e-07 1.2826705e-07 1.2791475e-07 1.2752410e-07 1.2709484e-07 1.2662682e-07 1.2611995e-07 1.2557427e-07 1.2498992e-07 1.2436712e-07 1.2370623e-07 1.2300768e-07 1.2227202e-07 1.2149990e-07 1.2069207e-07 1.1984936e-07 1.1897269e-07 1.1806306e-07 1.1712157e-07 1.1614934e-07 1.1514761e-07 1.1411764e-07 1.1306074e-07 1.1197829e-07 1.1087166e-07 1.0974229e-07 1.0859163e-07 1.0742112e-07
1.3158950e-07 1.3197981e-07 1.3234170e-07 1.3267504e-07 1.3297960e-07 1.3325507e-07 1.3350107e-07 1.3371716e-07 1.3390280e-07 1.3405741e-07 1.3418036e-07 1.3427097e-07 1.3432850e-07 1.3435222e-07 1.3434136e-07 1.3429515e-07 1.3421282e-07 1.3409364e-07 1.3393687e-07 1.3374183e-07 1.3350790e-07 1.3323448e-07 1.3292107e-07 1.3256723e-07 1.3217262e-07 1.3173696e-07 1.3126011e-07 1.3074199e-07 1.3018264e-07 1.2958221e-07 1.2894096e-07 1.2825925e-07 1.2753755e-07 1.2677646e-07 1.2597665e-07 1.2513892e-07 1.2426414e-07 1.2335331e-07 1.2240748e-07 1.2142780e-07 1.2041549e-07 1.1937185e-07 1.1829821e-07 1.1719598e-07 1.1606661e-07 1.1491158e-07 1.1373240e-07 1.1253062e-07 1.1130778e-07 1.1006545e-07
